1 2 0.357
1 3 0.357
1 4 0.393
1 5 0.357
1 6 0.357
1 7 0.357
1 8 0.357
1 9 0.357
1 10 0.357
1 11 0.357
1 12 0.357
1 13 0.233
1 14 0.071
1 15 0.071
1 16 0.107
1 17 0.0
1 18 0.071
1 19 0.071
1 20 0.071
1 21 0.25
1 22 0.25
1 23 0.25
1 24 0.25
1 25 0.25
1 26 0.25
1 27 0.25
1 30 0.0
2 1 0.357
2 3 0.833
2 4 0.769
2 5 0.833
2 6 0.833
2 7 0.833
2 8 0.833
2 9 0.833
2 10 0.833
2 11 0.833
2 12 0.833
3 1 0.357
3 2 0.833
3 4 0.769
3 5 0.833
3 6 0.833
3 7 0.833
3 8 0.833
3 9 0.833
3 10 0.833
3 11 0.833
3 12 0.833
4 1 0.393
4 2 0.769
4 3 0.769
4 5 0.769
4 6 0.769
4 7 0.769
4 8 0.769
4 9 0.769
4 10 0.769
4 11 0.769
4 12 0.769
5 1 0.357
5 2 0.833
5 3 0.833
5 4 0.769
5 6 0.833
5 7 0.833
5 8 0.833
5 9 0.833
5 10 0.833
5 11 0.833
5 12 0.833
6 1 0.357
6 2 0.833
6 3 0.833
6 4 0.769
6 5 0.833
6 7 0.833
6 8 0.833
6 9 0.833
6 10 0.833
6 11 0.833
6 12 0.833
7 1 0.357
7 2 0.833
7 3 0.833
7 4 0.769
7 5 0.833
7 6 0.833
7 8 0.833
7 9 0.833
7 10 0.833
7 11 0.833
7 12 0.833
8 1 0.357
8 2 0.833
8 3 0.833
8 4 0.769
8 5 0.833
8 6 0.833
8 7 0.833
8 9 0.833
8 10 0.833
8 11 0.833
8 12 0.833
9 1 0.357
9 2 0.833
9 3 0.833
9 4 0.769
9 5 0.833
9 6 0.833
9 7 0.833
9 8 0.833
9 10 0.833
9 11 0.833
9 12 0.833
10 1 0.357
10 2 0.833
10 3 0.833
10 4 0.769
10 5 0.833
10 6 0.833
10 7 0.833
10 8 0.833
10 9 0.833
10 11 0.833
10 12 0.833
11 1 0.357
11 2 0.833
11 3 0.833
11 4 0.769
11 5 0.833
11 6 0.833
11 7 0.833
11 8 0.833
11 9 0.833
11 10 0.833
11 12 0.833
12 1 0.357
12 2 0.833
12 3 0.833
12 4 0.769
12 5 0.833
12 6 0.833
12 7 0.833
12 8 0.833
12 9 0.833
12 10 0.833
12 11 0.833
13 1 0.233
13 21 0.636
13 22 0.636
13 23 0.636
13 24 0.636
13 25 0.636
13 26 0.636
13 27 0.636
13 28 0.091
13 29 0.091
14 1 0.071
14 15 0.5
14 16 0.4
15 1 0.071
15 14 0.5
15 16 0.4
16 4 0.067
16 14 0.4
16 15 0.4
17 1 0.0
18 1 0.071
18 19 0.5
18 20 0.5
19 1 0.071
19 18 0.5
19 20 0.5
20 1 0.071
20 18 0.5
20 19 0.5
21 1 0.25
21 22 0.778
21 23 0.778
21 24 0.778
21 25 0.778
21 26 0.778
21 27 0.778
22 1 0.25
22 21 0.778
22 23 0.778
22 24 0.778
22 25 0.778
22 26 0.778
22 27 0.778
23 1 0.25
23 21 0.778
23 22 0.778
23 24 0.778
23 25 0.778
23 26 0.778
23 27 0.778
24 1 0.25
24 21 0.778
24 22 0.778
24 23 0.778
24 25 0.778
24 26 0.778
24 27 0.778
25 1 0.25
25 21 0.778
25 22 0.778
25 23 0.778
25 24 0.778
25 26 0.778
25 27 0.778
26 1 0.25
26 21 0.778
26 22 0.778
26 23 0.778
26 24 0.778
26 25 0.778
26 27 0.778
27 1 0.25
27 21 0.778
27 22 0.778
27 23 0.778
27 24 0.778
27 25 0.778
27 26 0.778
30 1 0.0
28 13 0.091
28 29 0.333
29 13 0.091
29 28 0.333