11 1 0.222
11 3 0.125
11 30 0.0
11 43 0.375
11 48 0.222
1 11 0.222
1 15 0.059
1 16 0.083
1 41 0.167
1 43 0.2
1 48 0.2
15 1 0.059
15 4 0.0
15 17 0.286
15 25 0.0
15 34 0.467
15 35 0.133
15 38 0.278
15 39 0.25
15 41 0.25
15 44 0.188
15 51 0.118
15 53 0.143
16 1 0.083
16 19 0.167
16 25 0.182
16 41 0.071
16 46 0.2
16 56 0.0
16 60 0.091
41 1 0.167
41 8 0.0
41 15 0.25
41 16 0.071
41 34 0.125
41 37 0.071
41 38 0.188
41 53 0.091
43 1 0.2
43 3 0.111
43 11 0.375
43 31 0.1
43 48 0.333
43 51 0.0
48 1 0.2
48 11 0.222
48 21 0.071
48 29 0.222
48 31 0.222
48 43 0.333
18 2 0.062
18 7 0.25
18 10 0.231
18 14 0.214
18 23 0.0
18 26 0.091
18 28 0.167
18 32 0.0
18 58 0.2
2 18 0.062
2 20 0.091
2 27 0.1
2 28 0.182
2 29 0.0
2 37 0.0
2 42 0.083
2 55 0.154
20 2 0.091
20 8 0.286
20 31 0.125
20 55 0.222
27 2 0.1
27 26 0.2
27 28 0.333
28 2 0.182
28 8 0.0
28 18 0.167
28 26 0.333
28 27 0.333
29 2 0.0
29 9 0.1
29 21 0.167
29 31 0.111
29 48 0.222
37 2 0.0
37 21 0.0
37 24 0.0
37 38 0.059
37 40 0.0
37 41 0.071
37 60 0.0
42 2 0.083
42 10 0.2
42 14 0.3
42 55 0.333
42 58 0.273
55 2 0.154
55 7 0.182
55 8 0.091
55 14 0.25
55 20 0.222
55 42 0.333
55 58 0.231
3 11 0.125
3 43 0.111
3 45 0.0
3 62 0.0
45 3 0.0
45 21 0.083
45 35 0.0
45 39 0.091
62 3 0.0
62 38 0.0
62 54 0.0
9 4 0.125
9 21 0.071
9 29 0.1
9 38 0.062
9 46 0.133
9 60 0.222
4 9 0.125
4 15 0.0
4 60 0.143
60 4 0.143
60 9 0.222
60 16 0.091
60 37 0.0
60 46 0.143
52 5 0.0
52 12 0.0
52 19 0.308
52 22 0.231
52 24 0.083
52 25 0.231
52 30 0.267
52 46 0.4
52 51 0.062
52 56 0.0
5 52 0.0
10 6 0.222
10 7 0.3
10 14 0.667
10 18 0.231
10 33 0.111
10 42 0.2
10 58 0.455
6 10 0.222
6 14 0.2
6 57 0.0
6 58 0.182
14 6 0.2
14 7 0.4
14 10 0.667
14 18 0.214
14 33 0.1
14 42 0.3
14 55 0.25
14 58 0.545
57 6 0.0
57 7 0.0
58 6 0.182
58 7 0.364
58 10 0.455
58 14 0.545
58 18 0.2
58 40 0.0
58 42 0.273
58 49 0.0
58 55 0.231
7 10 0.3
7 14 0.4
7 18 0.25
7 55 0.182
7 57 0.0
7 58 0.364
8 20 0.286
8 28 0.0
8 31 0.111
8 41 0.0
8 55 0.091
31 8 0.111
31 20 0.125
31 29 0.111
31 43 0.1
31 48 0.222
21 9 0.071
21 17 0.154
21 19 0.0
21 29 0.167
21 37 0.0
21 39 0.133
21 45 0.083
21 48 0.071
21 51 0.067
38 9 0.062
38 15 0.278
38 17 0.133
38 22 0.133
38 34 0.4
38 35 0.143
38 37 0.059
38 41 0.188
38 44 0.125
38 46 0.1
38 62 0.0
46 9 0.133
46 16 0.2
46 19 0.385
46 22 0.308
46 24 0.077
46 25 0.308
46 30 0.25
46 38 0.1
46 51 0.059
46 52 0.4
46 60 0.143
33 10 0.111
33 14 0.1
33 61 0.0
30 11 0.0
30 19 0.333
30 22 0.25
30 25 0.25
30 36 0.0
30 44 0.0
30 46 0.25
30 52 0.267
30 53 0.0
12 52 0.0
34 13 0.0
34 15 0.467
34 17 0.333
34 22 0.067
34 35 0.154
34 38 0.4
34 39 0.2
34 41 0.125
34 44 0.214
34 51 0.133
13 34 0.0
17 15 0.286
17 21 0.154
17 34 0.333
17 38 0.133
17 39 0.273
17 51 0.3
25 15 0.0
25 16 0.182
25 19 0.444
25 30 0.25
25 46 0.308
25 52 0.231
35 15 0.133
35 34 0.154
35 38 0.143
35 45 0.0
35 50 0.0
39 15 0.25
39 17 0.273
39 21 0.133
39 34 0.2
39 44 0.154
39 45 0.091
39 53 0.091
39 59 0.0
44 15 0.188
44 30 0.0
44 34 0.214
44 38 0.125
44 39 0.154
44 47 0.0
44 54 0.0
51 15 0.118
51 17 0.3
51 21 0.067
51 34 0.133
51 43 0.0
51 46 0.059
51 52 0.062
53 15 0.143
53 30 0.0
53 39 0.091
53 41 0.091
19 16 0.167
19 21 0.0
19 22 0.3
19 25 0.444
19 30 0.333
19 46 0.385
19 52 0.308
56 16 0.0
56 52 0.0
23 18 0.0
26 18 0.091
26 27 0.2
26 28 0.333
32 18 0.0
22 19 0.3
22 30 0.25
22 34 0.067
22 38 0.133
22 46 0.308
22 52 0.231
24 37 0.0
24 46 0.077
24 52 0.083
36 30 0.0
61 33 0.0
50 35 0.0
50 47 0.0
40 37 0.0
40 58 0.0
59 39 0.0
47 44 0.0
47 50 0.0
54 44 0.0
54 62 0.0
49 58 0.0