1 47 
2 2 
3 47 
4 47 
5 47 
6 47 
7 2 
8 94 
9 47 
10 101 
11 47 
12 47 
13 47 
14 2 
15 101 
16 2 
17 2 
18 112 
19 2 
20 94 
21 2 
22 2 
23 2 
24 29 
25 25 
26 29 
27 29 
28 78 
29 29 
30 29 
31 29 
32 29 
33 25 
34 25 
35 29 
36 29 
37 25 
38 47 
39 78 
40 25 
41 25 
42 101 115 
43 25 
44 25 
45 25 
46 47 
47 47 
48 60 
49 25 
50 25 101 112 
51 25 
52 25 
53 60 
54 29 
55 29 
56 94 
57 78 
58 60 
59 60 
60 60 
61 60 
62 115 
63 60 
64 60 
65 94 
66 60 
67 60 
68 47 
69 47 
70 78 
71 101 
72 78 
73 78 
74 78 101 
75 78 
76 78 
77 115 
78 78 
79 78 
80 78 
81 112 
82 115 
83 115 
84 101 
85 101 
86 101 
87 101 
88 101 
89 101 
90 94 
91 78 
92 78 
93 78 
94 94 
95 94 
96 112 
97 94 
98 94 
99 101 
100 112 
101 101 
102 115 
103 112 
104 115 
105 101 
106 101 
107 94 2 112 
108 112 
109 115 
110 101 
111 112 
112 112 
113 112 
114 115 
115 115 
