1 999 
2 902 
3 971 
4 748 
5 563 
6 924 
7 976 
8 993 
9 971 
10 823 
11 979 
12 992 
13 999 
14 748 
15 999 
16 280 823 925 
17 954 
18 924 
19 924 
20 431 
21 748 
22 987 
23 967 
24 408 
25 746 
26 431 991 
27 976 
28 683 
29 960 
30 976 
31 954 
32 812 431 979 997 
33 904 
34 976 
35 717 
36 753 
37 294 
38 753 
39 932 
40 717 
41 294 
42 644 
43 965 
44 1000 
45 730 
46 823 
47 408 
48 932 
49 970 
50 537 
51 980 
52 925 
53 925 
54 683 782 835 956 
55 979 
56 970 
57 787 
58 712 
59 993 
60 937 971 
61 793 969 
62 812 979 991 
63 991 
64 812 
65 997 
66 924 965 999 
67 667 
68 970 
69 755 
70 991 
71 970 
72 956 
73 793 
74 991 
75 644 
76 668 
77 924 
78 683 
79 993 
80 993 
81 423 
82 823 
83 717 
84 922 
85 717 
86 999 
87 782 
88 746 
89 537 997 
90 954 
91 408 668 835 956 
92 997 
93 960 
94 580 
95 993 
96 746 
97 658 
98 969 
99 992 
100 563 
101 644 
102 537 
103 746 
104 812 
105 937 
106 408 787 719 740 580 
107 823 
108 712 
109 987 
110 954 
111 965 
112 956 
113 999 
114 904 
115 967 
116 408 
117 991 
118 980 
119 991 
120 563 
121 991 
122 967 
123 748 
124 801 
125 812 
126 924 
127 740 
128 431 
129 740 
130 965 
131 904 932 
132 667 
133 667 683 835 
134 730 
135 793 
136 965 
137 970 
138 408 683 956 
139 730 
140 667 
141 979 
142 902 
143 922 
144 922 
145 408 
146 730 
147 280 
148 740 
149 716 
150 776 
151 991 
152 764 
153 717 
154 902 
155 820 
156 776 
157 980 
158 976 
159 820 
160 904 969 976 
161 753 969 
162 967 
163 644 
164 967 
165 294 
166 431 
167 716 
168 993 
169 904 
170 712 
171 580 
172 965 
173 628 
174 812 
175 820 
176 628 580 
177 812 
178 712 
179 999 
180 924 
181 644 
182 991 
183 593 
184 991 
185 967 
186 987 
187 980 
188 1000 
189 801 
190 976 
191 976 
192 979 
193 991 
194 776 
195 746 
196 719 
197 976 
198 922 
199 991 
200 924 
201 954 
202 922 
203 976 
204 782 
205 904 
206 979 997 
207 976 
208 904 776 965 
209 980 
210 999 
211 719 
212 924 
213 764 
214 954 
215 776 
216 668 408 976 
217 668 
218 593 
219 980 
220 971 
221 431 
222 748 
223 954 
224 987 
225 904 
226 924 
227 971 
228 787 
229 408 
230 980 
231 904 
232 408 
233 719 
234 924 
235 820 
236 971 
237 971 
238 970 
239 993 
240 1000 
241 979 
242 969 
243 937 
244 924 
245 967 
246 782 
247 787 
248 748 
249 980 
250 764 
251 716 
252 979 
253 993 
254 755 
255 969 
256 820 
257 280 
258 979 
259 971 
260 580 956 
261 1000 
262 812 
263 580 
264 924 
265 408 
266 954 
267 992 
268 999 
269 748 999 970 987 992 
270 924 
271 835 
272 801 976 
273 904 580 922 
274 925 820 970 
275 793 
276 902 
277 717 
278 628 423 980 956 997 
279 980 
280 280 
281 965 
282 970 
283 925 
284 746 
285 667 
286 980 
287 712 
288 801 
289 1000 
290 776 
291 835 
292 644 
293 976 
294 294 
295 902 
296 580 
297 991 
298 924 
299 593 820 580 969 971 
300 987 
301 745 
302 823 
303 992 
304 991 
305 658 719 
306 991 
307 970 
308 667 904 787 
309 755 
310 294 
311 812 
312 969 
313 764 
314 937 
315 967 
316 408 
317 937 
318 971 
319 999 745 
320 812 
321 668 
322 960 
323 997 
324 683 431 835 
325 753 924 997 992 
326 904 
327 668 
328 960 
329 793 
330 1000 
331 835 
332 712 
333 991 
334 787 
335 992 
336 812 
337 976 
338 971 
339 294 
340 764 
341 431 
342 423 
343 820 
344 902 
345 719 
346 755 
347 971 
348 954 
349 408 431 
350 971 
351 976 
352 683 
353 628 
354 954 
355 835 
356 1000 
357 745 
358 658 
359 668 
360 932 835 956 969 
361 820 
362 925 
363 537 593 
364 980 
365 904 
366 993 
367 658 
368 932 
369 991 
370 820 
371 294 
372 932 
373 628 969 
374 1000 
375 812 
376 776 
377 644 
378 969 
379 408 
380 683 
381 812 
382 740 
383 801 
384 823 
385 823 
386 954 
387 668 
388 992 
389 971 
390 580 
391 925 
392 992 
393 748 
394 987 
395 755 
396 960 
397 922 956 993 1000 
398 820 
399 960 
400 748 
401 960 
402 987 
403 782 
404 1000 
405 1000 
406 1000 
407 924 
408 408 
409 745 801 979 
410 753 
411 628 
412 970 
413 922 
414 716 
415 787 
416 755 
417 740 
418 993 
419 937 
420 969 
421 820 967 969 997 
422 999 
423 423 
424 820 976 979 
425 954 423 969 
426 980 
427 902 
428 993 
429 971 954 979 991 
430 993 
431 431 
432 924 
433 563 746 667 
434 431 979 997 
435 902 
436 999 
437 782 
438 967 
439 719 
440 793 
441 967 
442 999 
443 924 
444 658 
445 1000 
446 924 
447 993 
448 730 
449 823 
450 924 
451 745 
452 969 
453 280 
454 976 
455 925 
456 922 
457 719 
458 954 
459 987 
460 787 
461 782 
462 999 
463 937 
464 658 
465 902 
466 408 
467 902 
468 537 
469 537 
470 431 
471 904 
472 967 
473 719 
474 999 
475 960 
476 954 
477 628 
478 717 
479 993 
480 593 
481 683 
482 991 
483 992 
484 537 
485 563 
486 793 
487 922 
488 294 997 
489 537 
490 992 
491 993 
492 992 
493 764 
494 970 
495 801 
496 753 
497 812 
498 904 
499 970 
500 980 
501 954 
502 971 
503 644 
504 740 
505 924 
506 764 
507 967 980 956 971 976 
508 812 997 954 
509 969 
510 408 
511 971 
512 668 
513 644 
514 999 
515 922 
516 965 
517 993 
518 937 
519 987 
520 997 
521 280 
522 954 
523 748 
524 753 
525 979 
526 969 
527 668 
528 904 
529 764 
530 668 
531 987 
532 997 
533 980 
534 667 
535 408 
536 1000 
537 537 
538 563 
539 745 979 997 
540 431 
541 999 
542 956 
543 716 
544 835 
545 924 
546 668 
547 932 
548 965 
549 956 
550 954 
551 823 
552 755 
553 835 
554 967 
555 280 
556 537 924 580 997 
557 967 
558 764 
559 1000 
560 987 
561 787 
562 954 
563 563 
564 997 
565 730 
566 537 812 971 
567 755 
568 812 
569 937 
570 764 
571 970 
572 667 
573 793 
574 812 740 745 712 
575 993 
576 1000 
577 902 
578 717 
579 980 
580 580 
581 820 
582 755 
583 965 
584 987 
585 716 
586 801 
587 593 
588 937 
589 969 
590 593 
591 954 
592 717 
593 593 
594 992 
595 980 
596 922 
597 904 
598 904 
599 965 
600 979 
601 801 965 976 993 997 
602 954 
603 753 
604 787 
605 776 
606 992 
607 999 748 980 
608 764 
609 904 
610 967 
611 902 
612 823 
613 999 
614 925 
615 823 
616 979 
617 967 
618 954 755 717 
619 1000 
620 987 
621 956 
622 667 
623 423 
624 979 
625 716 
626 970 
627 971 
628 628 
629 782 
630 954 
631 970 
632 902 
633 979 
634 658 740 
635 932 
636 1000 
637 960 
638 967 
639 755 
640 932 
641 980 
642 776 
643 971 
644 644 
645 730 
646 782 
647 924 
648 993 
649 764 
650 956 
651 992 
652 970 
653 820 
654 716 
655 563 
656 967 
657 745 
658 658 
659 922 
660 954 
661 764 
662 764 
663 937 
664 979 
665 716 740 820 
666 730 
667 667 
668 668 
669 993 
670 999 
671 965 
672 922 
673 956 
674 979 997 
675 999 
676 431 
677 924 
678 902 976 997 
679 960 992 
680 787 740 
681 999 
682 782 835 
683 683 
684 537 
685 993 
686 932 
687 976 
688 980 
689 922 
690 976 925 
691 746 
692 937 
693 932 
694 987 
695 965 
696 408 
697 740 
698 730 
699 408 431 
700 745 
701 997 
702 960 
703 644 
704 925 
705 904 
706 956 
707 965 
708 755 
709 644 
710 997 
711 658 
712 712 
713 965 
714 820 
715 904 
716 716 
717 717 
718 932 
719 719 
720 902 
721 992 
722 960 
723 1000 
724 997 
725 904 
726 835 
727 902 
728 924 
729 431 
730 730 
731 971 
732 980 
733 991 
734 922 
735 748 
736 992 
737 812 
738 753 
739 993 
740 740 
741 954 793 
742 997 
743 997 
744 937 
745 745 
746 746 
747 987 
748 748 
749 820 
750 712 
751 925 
752 980 
753 753 
754 746 925 835 992 
755 755 
756 937 
757 812 979 999 
758 776 
759 823 
760 716 
761 716 
762 999 
763 937 
764 764 
765 904 746 740 924 
766 922 
767 408 954 904 999 
768 971 
769 932 
770 753 
771 776 924 937 980 
772 922 
773 999 
774 683 
775 997 
776 776 
777 987 
778 976 746 925 999 
779 793 
780 969 
781 967 
782 782 
783 979 
784 980 
785 976 
786 987 
787 787 
788 993 
789 992 
790 960 
791 992 
792 1000 
793 793 
794 719 
795 823 
796 976 
797 970 
798 999 
799 925 
800 980 
801 801 
802 924 
803 987 
804 987 
805 719 
806 965 
807 820 
808 730 
809 835 
810 740 
811 932 
812 812 
813 971 
814 408 954 580 971 969 
815 820 
816 993 
817 902 
818 925 
819 999 
820 820 
821 991 
822 979 
823 823 
824 969 
825 782 
826 423 980 954 965 969 960 
827 979 
828 967 
829 987 
830 932 
831 753 
832 628 835 960 997 992 
833 937 
834 937 
835 835 
836 719 
837 1000 
838 925 
839 904 
840 993 
841 991 
842 969 954 719 967 932 997 
843 932 
844 932 
845 992 
846 764 
847 960 
848 644 
849 667 
850 970 
851 924 
852 740 902 712 580 937 993 1000 
853 408 904 979 971 970 
854 970 
855 967 
856 820 
857 628 960 835 
858 992 
859 967 
860 999 
861 793 776 431 979 997 
862 970 
863 960 
864 969 
865 932 
866 644 
867 991 
868 979 
869 971 
870 925 
871 991 
872 431 
873 969 
874 835 
875 1000 
876 835 
877 997 
878 932 
879 992 
880 970 
881 987 
882 997 992 1000 
883 970 
884 960 
885 991 
886 580 
887 976 
888 740 904 971 835 
889 904 
890 976 
891 987 
892 748 
893 979 
894 683 823 997 992 
895 745 431 997 1000 
896 993 
897 925 
898 987 
899 980 
900 925 
901 823 667 719 969 960 
902 902 
903 970 
904 904 
905 580 
906 937 
907 997 
908 924 
909 580 683 904 980 970 987 
910 1000 
911 835 
912 956 
913 954 
914 801 976 965 969 997 
915 980 954 924 971 969 991 
916 987 
917 956 
918 967 
919 999 
920 967 
921 993 
922 922 
923 970 
924 924 
925 925 
926 1000 
927 932 
928 431 
929 967 
930 971 
931 992 
932 932 
933 970 
934 924 
935 967 
936 956 
937 937 
938 1000 
939 748 980 976 997 999 991 
940 812 431 745 835 997 1000 
941 787 593 667 993 992 
942 999 
943 980 
944 956 
945 1000 
946 776 423 812 976 960 997 967 
947 823 965 924 716 644 925 956 
948 965 
949 835 
950 1000 
951 820 
952 991 
953 993 
954 954 
955 999 
956 956 
957 969 
958 987 
959 960 
960 960 
961 980 
962 294 712 280 904 716 999 
963 1000 
964 980 924 823 969 965 993 997 
965 965 
966 999 
967 967 
968 431 753 992 902 997 987 
969 969 
970 970 
971 971 
972 970 
973 991 
974 1000 
975 992 
976 976 
977 997 
978 991 
979 979 
980 980 
981 997 
982 992 
983 987 
984 992 
985 1000 
986 987 
987 987 
988 1000 
989 993 
990 992 
991 991 
992 992 
993 993 
994 294 776 922 580 644 979 992 
995 954 820 987 969 925 835 967 
996 1000 
997 997 979 
998 1000 
999 999 
1000 1000 
