1 972 
2 829 
3 532 
4 978 
5 975 
6 879 
7 963 
8 962 
9 961 
10 705 
11 996 
12 982 
13 964 
14 992 
15 718 
16 992 
17 943 
18 962 
19 961 
20 978 
21 837 
22 869 
23 994 
24 978 
25 943 
26 962 
27 968 
28 992 
29 995 
30 975 
31 994 
32 978 
33 950 
34 794 
35 964 
36 997 
37 982 
38 592 
39 957 
40 982 999 
41 963 
42 869 
43 995 
44 592 994 
45 879 
46 996 
47 997 
48 963 
49 962 
50 995 
51 996 
52 961 794 
53 497 
54 992 
55 978 
56 997 
57 561 997 961 
58 909 
59 995 
60 968 
61 968 
62 997 
63 983 
64 964 
65 950 
66 972 
67 347 
68 963 
69 968 
70 992 964 
71 957 
72 950 
73 999 
74 998 
75 978 
76 863 
77 561 
78 976 
79 994 
80 999 
81 268 
82 962 
83 718 
84 879 
85 705 
86 957 
87 789 
88 994 
89 943 
90 997 
91 975 
92 869 
93 850 
94 975 
95 997 
96 863 
97 976 
98 968 
99 992 
100 532 
101 976 
102 982 
103 789 
104 997 
105 968 
106 879 
107 869 
108 994 
109 879 
110 962 
111 975 
112 997 
113 999 
114 957 
115 957 
116 892 
117 600 
118 983 
119 869 
120 983 
121 705 968 
122 705 
123 961 
124 730 
125 869 
126 863 
127 957 
128 983 
129 995 
130 976 
131 994 
132 909 
133 268 
134 999 
135 999 
136 961 
137 961 
138 961 
139 879 
140 961 
141 975 
142 978 961 
143 829 
144 532 
145 726 
146 863 
147 892 
148 794 
149 837 
150 995 
151 996 
152 976 
153 995 
154 794 726 
155 975 
156 968 
157 976 
158 999 
159 983 
160 879 
161 996 
162 837 
163 978 
164 996 
165 957 
166 972 
167 943 
168 996 
169 950 
170 950 
171 837 
172 975 996 561 
173 982 
174 600 
175 996 
176 869 
177 997 
178 992 
179 983 
180 999 
181 879 
182 982 
183 997 
184 879 
185 961 
186 994 
187 718 
188 994 
189 964 
190 628 
191 992 
192 718 
193 996 
194 962 
195 995 
196 943 
197 995 
198 978 
199 943 
200 964 268 
201 730 
202 998 
203 975 
204 789 
205 789 994 
206 600 
207 978 
208 497 
209 972 
210 972 963 
211 983 
212 879 
213 996 
214 995 
215 994 
216 999 
217 976 
218 892 
219 957 
220 961 
221 592 
222 994 
223 972 726 
224 992 
225 992 
226 992 
227 892 
228 837 
229 995 
230 995 
231 982 
232 983 943 
233 957 
234 963 
235 996 
236 978 
237 996 
238 976 
239 999 
240 998 
241 879 
242 997 
243 892 
244 978 
245 879 
246 997 
247 998 
248 992 
249 600 
250 978 
251 730 628 
252 996 
253 995 
254 992 
255 730 
256 789 964 
257 972 
258 997 
259 999 
260 600 
261 879 983 
262 997 
263 968 
264 957 
265 975 
266 628 
267 978 
268 268 
269 983 
270 863 
271 962 
272 961 
273 997 
274 997 
275 794 
276 892 
277 869 
278 837 
279 976 
280 976 
281 983 
282 997 
283 983 
284 992 
285 964 
286 347 999 497 
287 812 
288 879 
289 983 
290 850 
291 850 
292 992 
293 268 561 
294 976 992 
295 983 
296 968 
297 983 
298 975 
299 628 705 
300 726 
301 968 
302 963 
303 943 
304 972 892 
305 978 
306 998 
307 968 
308 996 
309 978 
310 789 
311 968 
312 794 
313 600 
314 957 
315 950 
316 718 
317 995 
318 968 
319 996 
320 718 
321 999 
322 837 
323 998 
324 964 
325 968 
326 863 
327 978 
328 850 
329 978 
330 976 
331 997 
332 718 
333 968 
334 996 
335 998 
336 995 
337 730 
338 863 
339 962 
340 961 
341 950 
342 992 
343 999 
344 962 
345 964 
346 999 
347 347 794 
348 726 996 
349 829 
350 718 
351 975 
352 968 
353 829 
354 976 
355 961 
356 978 
357 705 
358 968 
359 996 
360 962 
361 992 
362 997 
363 972 
364 347 
365 950 
366 961 
367 972 
368 962 
369 999 
370 992 
371 999 
372 995 
373 975 
374 962 
375 972 
376 943 
377 996 
378 961 
379 978 
380 963 
381 961 
382 850 961 
383 992 
384 983 950 998 
385 943 
386 532 
387 997 
388 998 
389 999 
390 789 
391 812 
392 726 
393 794 
394 972 
395 983 
396 892 
397 996 
398 561 268 
399 628 
400 983 
401 968 
402 994 
403 968 
404 996 
405 869 
406 972 
407 982 
408 850 
409 972 
410 730 
411 837 
412 983 
413 968 
414 909 
415 995 975 
416 943 
417 976 
418 997 963 
419 628 
420 976 
421 963 
422 909 
423 996 
424 982 
425 994 
426 968 
427 718 
428 794 
429 983 
430 961 
431 995 
432 975 
433 976 
434 982 
435 957 
436 962 
437 978 
438 829 
439 968 
440 975 
441 879 978 
442 829 
443 957 
444 718 
445 963 
446 718 983 
447 995 975 
448 869 
449 996 
450 961 
451 718 
452 997 
453 999 
454 976 
455 600 
456 726 
457 497 
458 997 
459 982 
460 829 
461 994 
462 726 909 
463 957 
464 982 
465 994 
466 975 
467 829 
468 789 
469 994 
470 978 
471 994 
472 718 
473 982 
474 961 
475 983 995 
476 978 
477 978 
478 996 
479 992 
480 347 726 998 996 
481 964 
482 837 
483 975 
484 892 
485 532 892 
486 972 
487 943 
488 879 
489 592 
490 957 
491 532 592 
492 961 
493 592 996 
494 995 
495 863 
496 972 
497 497 
498 497 994 
499 968 
500 998 
501 600 
502 999 
503 976 
504 997 
505 972 850 
506 992 
507 968 
508 892 
509 879 
510 976 
511 999 
512 996 
513 983 
514 600 
515 863 850 
516 998 
517 975 
518 972 
519 943 
520 962 
521 982 
522 268 561 961 
523 998 
524 964 
525 730 
526 961 
527 812 
528 992 
529 994 
530 999 
531 812 
532 892 532 592 
533 978 943 
534 497 
535 879 
536 997 
537 994 
538 964 
539 978 
540 996 
541 943 
542 992 
543 879 
544 994 
545 812 
546 999 
547 999 
548 963 
549 600 
550 978 
551 995 
552 794 
553 968 
554 837 
555 943 
556 995 
557 879 
558 892 
559 950 
560 968 
561 561 
562 730 
563 996 
564 992 
565 726 
566 995 
567 964 
568 972 
569 994 992 
570 600 
571 976 
572 964 
573 961 
574 957 
575 996 995 
576 994 
577 961 
578 994 
579 879 
580 961 
581 998 
582 982 
583 997 
584 976 
585 994 
586 983 
587 909 
588 730 
589 962 
590 794 
591 968 794 972 
592 592 
593 975 
594 964 
595 957 
596 812 
597 976 
598 968 
599 726 
600 600 
601 909 
602 950 
603 992 
604 978 
605 995 
606 972 
607 705 
608 963 
609 999 
610 789 
611 975 
612 837 
613 962 
614 950 
615 705 
616 879 
617 730 996 
618 726 
619 950 
620 812 
621 996 592 
622 957 
623 972 
624 968 
625 975 
626 978 
627 968 
628 628 
629 999 
630 982 
631 997 
632 962 
633 957 
634 992 
635 982 
636 909 
637 992 
638 997 
639 992 
640 995 
641 992 
642 995 
643 975 
644 600 
645 837 997 
646 837 
647 999 
648 996 
649 909 
650 996 
651 961 
652 962 
653 997 
654 992 
655 992 
656 957 
657 982 
658 789 
659 972 
660 705 
661 850 
662 998 
663 863 
664 957 
665 983 
666 730 
667 996 
668 994 
669 837 
670 975 
671 909 
672 983 
673 963 
674 994 
675 963 
676 863 
677 829 
678 982 968 
679 957 
680 992 
681 983 
682 789 
683 961 
684 983 
685 497 950 
686 995 
687 950 978 
688 963 982 
689 968 992 
690 837 
691 972 909 
692 718 
693 892 
694 829 
695 829 
696 850 
697 976 
698 997 
699 995 
700 963 
701 999 
702 794 
703 968 
704 726 
705 705 
706 892 
707 962 
708 978 
709 983 268 909 
710 718 
711 730 
712 978 
713 975 
714 718 
715 964 
716 879 
717 963 
718 718 
719 957 
720 994 
721 996 
722 869 995 
723 718 
724 837 
725 718 
726 726 
727 998 
728 730 
729 962 
730 730 
731 964 
732 995 
733 961 
734 964 
735 982 
736 975 957 
737 879 
738 976 
739 992 961 
740 963 964 
741 976 
742 964 
743 997 
744 983 
745 909 
746 999 
747 950 
748 829 
749 997 
750 964 
751 976 
752 879 
753 994 
754 879 
755 976 
756 996 
757 976 957 
758 963 
759 837 
760 950 
761 850 
762 950 
763 968 
764 975 
765 628 
766 975 
767 705 
768 962 
769 982 
770 978 
771 794 964 
772 497 
773 982 
774 978 
775 999 
776 863 
777 994 
778 962 957 
779 812 
780 999 
781 996 
782 962 718 
783 961 
784 957 982 
785 968 
786 957 
787 837 
788 961 794 
789 789 
790 863 
791 999 
792 996 
793 794 347 961 
794 794 
795 982 
796 972 
797 997 
798 995 909 
799 943 
800 963 
801 996 
802 975 
803 995 
804 863 
805 998 
806 994 
807 837 
808 705 
809 997 
810 850 
811 982 
812 812 
813 976 
814 997 
815 997 
816 957 
817 997 
818 983 
819 943 
820 978 
821 978 
822 812 968 
823 892 
824 975 
825 850 
826 975 
827 994 
828 794 963 996 
829 829 
830 998 
831 968 
832 983 
833 996 
834 998 997 
835 983 
836 994 
837 837 
838 961 
839 812 
840 961 
841 962 
842 995 
843 968 
844 975 
845 992 
846 995 
847 983 
848 994 
849 963 
850 850 
851 968 
852 892 
853 983 994 
854 863 
855 992 
856 978 975 
857 983 950 
858 730 962 
859 997 
860 950 812 
861 976 
862 961 
863 863 
864 976 
865 837 950 
866 962 
867 962 
868 561 961 
869 869 
870 975 
871 998 
872 909 
873 892 
874 968 
875 972 
876 994 
877 996 
878 964 976 
879 879 
880 943 
881 992 
882 964 978 
883 963 
884 999 
885 879 
886 995 
887 975 
888 943 
889 996 
890 879 
891 964 
892 892 
893 812 994 
894 968 
895 994 
896 992 
897 978 
898 996 
899 962 
900 996 
901 964 
902 850 
903 909 
904 968 
905 972 
906 994 
907 950 
908 962 
909 909 
910 962 
911 964 
912 962 
913 999 850 
914 957 
915 994 
916 992 
917 950 497 
918 982 
919 983 
920 850 
921 963 968 
922 961 
923 957 
924 997 
925 992 
926 995 
927 976 
928 995 
929 994 
930 999 
931 978 
932 975 
933 995 
934 999 
935 982 
936 995 
937 837 950 
938 982 
939 972 
940 978 
941 962 
942 997 
943 943 
944 997 
945 957 
946 992 
947 968 
948 962 
949 978 
950 950 
951 992 
952 983 
953 994 
954 995 
955 879 
956 997 
957 957 
958 983 975 
959 997 
960 961 978 
961 961 
962 962 
963 963 
964 964 992 
965 968 
966 995 
967 976 
968 968 
969 975 
970 978 
971 982 
972 972 
973 950 994 
974 978 
975 975 
976 976 
977 975 
978 978 
979 992 
980 962 863 
981 957 
982 982 
983 983 
984 994 
985 999 
986 957 
987 983 
988 909 964 
989 996 
990 999 
991 992 964 
992 992 
993 995 
994 994 
995 995 
996 996 
997 997 
998 998 968 
999 999 
1000 996 
