1 859 
2 719 
3 984 
4 859 
5 880 
6 761 
7 877 
8 796 757 989 
9 678 
10 898 992 
11 963 976 898 
12 571 
13 961 
14 994 
15 999 
16 999 
17 984 
18 790 
19 880 
20 898 
21 949 
22 994 
23 982 
24 995 
25 997 
26 935 922 
27 904 829 922 995 
28 893 
29 829 
30 819 
31 678 
32 924 
33 997 
34 571 
35 739 
36 1000 
37 960 
38 997 
39 998 
40 678 
41 819 997 
42 961 
43 960 
44 995 
45 775 956 
46 1000 
47 922 
48 935 
49 960 
50 829 
51 570 
52 859 311 
53 506 949 
54 984 
55 561 
56 677 
57 935 
58 982 
59 757 
60 997 
61 922 
62 935 960 
63 957 
64 982 
65 922 
66 976 
67 935 893 997 998 
68 924 
69 959 
70 678 
71 805 
72 924 
73 962 898 935 
74 984 
75 922 
76 796 
77 994 
78 992 
79 932 
80 995 
81 601 708 
82 829 
83 719 
84 972 993 
85 997 
86 999 
87 932 
88 994 
89 829 961 963 
90 761 
91 880 
92 997 
93 857 
94 898 732 
95 982 
96 963 
97 963 
98 935 
99 722 
100 757 
101 993 
102 877 
103 932 
104 957 
105 677 
106 993 
107 984 
108 898 
109 571 
110 982 
111 997 
112 857 
113 905 
114 972 
115 957 
116 904 
117 989 
118 739 
119 571 
120 757 
121 966 
122 898 960 993 
123 570 
124 790 
125 732 
126 311 
127 880 
128 796 
129 984 
130 935 
131 739 
132 790 
133 1000 
134 976 
135 719 
136 904 
137 805 
138 994 
139 966 
140 976 
141 999 
142 859 
143 571 
144 966 
145 796 677 876 
146 994 
147 311 
148 922 993 
149 993 
150 924 960 
151 722 
152 997 
153 982 
154 959 
155 989 
156 982 
157 924 
158 570 
159 912 
160 982 
161 678 
162 859 
163 722 
164 957 
165 719 
166 829 
167 935 976 
168 859 
169 940 
170 905 
171 922 
172 995 
173 876 807 959 
174 1000 
175 961 
176 994 
177 998 
178 995 
179 963 
180 992 
181 998 
182 859 
183 960 
184 905 
185 924 
186 960 
187 719 
188 722 665 
189 719 
190 829 
191 998 
192 995 961 
193 963 
194 311 
195 984 
196 995 
197 998 
198 905 
199 775 807 959 
200 1000 
201 898 
202 940 
203 922 
204 976 
205 561 732 
206 972 
207 857 
208 995 
209 962 
210 997 
211 961 984 
212 876 
213 561 
214 790 
215 999 
216 912 
217 719 989 998 
218 956 
219 877 
220 995 
221 719 
222 966 732 962 
223 994 
224 678 
225 993 
226 940 
227 962 
228 311 995 999 
229 893 
230 935 
231 924 
232 859 311 
233 984 
234 912 
235 982 
236 998 
237 898 
238 972 
239 761 
240 708 
241 972 
242 775 
243 989 
244 898 
245 963 
246 998 
247 922 
248 829 681 
249 995 
250 732 
251 998 
252 999 
253 932 
254 678 
255 992 
256 989 
257 993 
258 601 
259 999 
260 997 
261 992 
262 877 
263 601 
264 992 
265 972 
266 993 
267 940 
268 932 
269 976 
270 677 
271 960 
272 829 
273 722 
274 957 
275 719 959 993 
276 956 
277 998 
278 898 
279 922 
280 960 961 972 999 
281 880 
282 665 
283 1000 
284 976 
285 961 
286 905 
287 982 
288 905 
289 995 898 
290 719 
291 732 
292 932 
293 962 
294 984 
295 984 
296 966 
297 681 
298 935 
299 997 
300 993 
301 993 
302 932 
303 982 
304 999 
305 962 
306 976 
307 972 
308 932 
309 982 
310 922 
311 311 
312 681 
313 995 
314 719 
315 898 
316 993 544 998 
317 995 
318 805 
319 732 
320 924 
321 956 
322 982 
323 963 
324 790 775 904 859 994 
325 665 
326 959 
327 1000 
328 935 
329 982 
330 972 
331 999 
332 960 
333 995 
334 993 
335 992 
336 949 
337 962 
338 311 
339 972 
340 876 
341 962 
342 997 
343 935 
344 601 912 
345 805 
346 962 
347 876 
348 992 
349 571 
350 949 
351 722 
352 940 
353 963 819 829 
354 912 
355 905 
356 999 
357 957 
358 960 876 961 
359 904 
360 956 
361 989 
362 993 
363 570 
364 993 
365 775 
366 796 
367 994 
368 1000 
369 877 
370 982 
371 949 
372 708 
373 935 
374 775 
375 963 
376 960 
377 905 
378 819 
379 963 
380 992 912 
381 807 966 998 
382 998 
383 739 922 962 995 
384 982 
385 993 
386 544 
387 898 
388 859 
389 966 
390 1000 995 976 984 997 
391 775 
392 998 
393 976 
394 912 
395 940 
396 924 
397 924 
398 949 
399 935 
400 506 
401 984 
402 961 
403 912 
404 995 
405 678 
406 999 
407 984 
408 993 
409 963 
410 601 
411 997 976 993 
412 677 995 992 
413 984 
414 962 
415 961 
416 935 994 1000 989 
417 935 962 601 
418 761 
419 999 
420 982 
421 681 
422 722 
423 898 
424 1000 
425 859 544 
426 998 
427 708 819 976 966 
428 1000 
429 1000 
430 601 
431 677 
432 949 
433 995 
434 935 
435 999 
436 1000 
437 757 
438 880 
439 506 
440 993 
441 807 984 997 
442 571 
443 992 
444 805 
445 677 
446 819 
447 972 
448 995 
449 956 
450 924 
451 963 
452 994 
453 829 
454 880 
455 995 
456 790 
457 935 
458 819 
459 963 
460 571 
461 957 
462 924 
463 739 961 829 956 995 
464 956 
465 959 
466 940 
467 976 
468 995 
469 960 
470 956 
471 805 
472 959 
473 940 935 
474 963 
475 757 
476 963 
477 998 
478 677 
479 893 
480 961 
481 962 
482 898 932 972 
483 994 
484 994 
485 989 
486 829 601 732 999 
487 994 
488 989 
489 898 
490 681 
491 984 
492 972 
493 976 732 677 
494 912 
495 960 
496 880 
497 722 
498 957 
499 932 
500 1000 
501 992 
502 935 
503 719 
504 796 
505 790 
506 506 
507 905 
508 957 
509 708 
510 857 
511 989 
512 601 775 963 932 
513 796 961 876 972 994 
514 311 999 992 998 
515 722 
516 678 
517 935 
518 995 
519 999 
520 719 
521 966 
522 922 935 962 997 
523 966 
524 957 
525 998 
526 960 
527 992 
528 960 
529 922 
530 932 997 992 993 
531 570 
532 898 
533 956 
534 976 
535 924 
536 961 
537 999 
538 935 
539 893 
540 796 
541 819 
542 876 912 961 
543 963 
544 993 544 
545 935 
546 984 
547 995 
548 880 
549 961 
550 976 
551 992 
552 963 
553 935 
554 963 
555 982 
556 1000 
557 311 898 994 998 
558 796 
559 982 
560 984 
561 732 
562 940 
563 601 
564 912 
565 732 992 922 961 960 984 999 
566 998 
567 819 
568 949 
569 757 
570 570 
571 571 
572 995 
573 972 
574 665 790 935 
575 877 
576 898 
577 956 
578 904 
579 876 
580 966 
581 829 
582 932 
583 972 
584 857 
585 935 
586 962 
587 994 
588 775 
589 960 
590 880 1000 
591 997 
592 922 
593 819 
594 857 
595 880 
596 966 
597 992 
598 601 
599 935 
600 956 
601 601 
602 912 
603 775 
604 905 
605 932 
606 997 
607 959 
608 959 
609 998 
610 962 
611 905 
612 956 
613 561 665 
614 912 
615 994 
616 962 940 898 
617 949 
618 972 
619 722 
620 963 
621 957 
622 992 
623 935 
624 708 
625 924 
626 912 
627 976 
628 708 
629 995 
630 912 829 959 
631 932 876 961 984 
632 963 
633 935 
634 719 859 956 994 984 
635 912 898 963 994 989 
636 829 893 932 997 995 
637 940 
638 898 880 922 994 998 999 
639 984 
640 935 681 876 732 796 999 
641 790 
642 708 
643 761 
644 959 
645 956 
646 960 
647 905 
648 976 
649 982 
650 708 
651 966 
652 995 
653 976 
654 956 
655 732 880 949 956 966 976 1000 
656 966 
657 898 
658 957 
659 935 
660 905 
661 992 
662 992 
663 790 
664 796 
665 665 
666 829 
667 982 
668 966 
669 893 
670 922 
671 963 
672 999 
673 999 
674 1000 
675 790 
676 992 
677 677 
678 678 
679 677 
680 997 
681 681 
682 992 
683 997 
684 898 
685 905 
686 932 
687 678 
688 957 
689 681 
690 949 
691 966 
692 790 
693 976 
694 992 
695 999 
696 957 
697 678 
698 739 898 960 993 
699 989 
700 959 
701 678 
702 1000 
703 775 
704 807 
705 935 
706 994 
707 905 
708 708 
709 984 
710 775 966 
711 1000 
712 912 992 
713 989 959 
714 932 
715 506 819 
716 893 
717 796 
718 681 
719 719 
720 912 
721 893 
722 722 
723 993 999 949 998 
724 1000 
725 311 972 959 961 989 
726 807 
727 989 
728 932 997 
729 880 
730 859 
731 708 
732 732 
733 708 
734 976 
735 757 
736 989 
737 966 
738 957 
739 739 
740 940 
741 905 
742 708 
743 949 
744 993 
745 570 962 
746 807 
747 935 
748 1000 
749 924 
750 876 
751 972 
752 994 
753 876 
754 993 
755 819 
756 982 
757 757 
758 571 
759 994 
760 732 
761 761 963 
762 807 
763 963 
764 962 
765 989 
766 962 
767 960 
768 796 
769 972 
770 995 984 
771 992 
772 994 
773 997 992 
774 961 
775 775 
776 993 
777 997 
778 972 
779 1000 
780 829 972 775 957 966 
781 940 
782 877 
783 857 
784 994 
785 678 
786 829 775 961 972 960 966 993 
787 999 
788 959 
789 960 
790 790 
791 857 
792 857 
793 601 
794 994 
795 972 
796 796 
797 857 
798 989 
799 739 761 1000 
800 893 
801 796 
802 904 
803 949 
804 796 
805 805 
806 962 972 819 997 
807 807 
808 998 
809 995 
810 796 
811 999 
812 982 
813 966 
814 311 997 
815 940 
816 898 
817 966 
818 998 
819 819 
820 962 761 994 993 
821 829 992 961 
822 989 
823 940 
824 857 
825 999 
826 962 999 994 997 
827 960 
828 949 
829 829 
830 995 
831 935 995 999 
832 963 
833 898 
834 960 
835 994 
836 994 
837 957 
838 961 
839 893 
840 966 
841 992 
842 999 989 877 994 
843 966 
844 989 
845 912 
846 796 
847 877 
848 992 
849 949 
850 959 
851 732 
852 935 
853 1000 
854 949 570 796 922 
855 922 
856 995 
857 857 
858 829 
859 859 
860 912 989 963 992 997 1000 
861 876 
862 963 
863 961 
864 993 
865 992 
866 912 940 790 859 924 994 
867 962 807 912 997 
868 982 
869 940 
870 935 
871 999 
872 972 
873 922 829 962 949 993 
874 1000 
875 956 
876 876 
877 877 
878 935 
879 998 
880 880 
881 963 972 904 992 982 
882 678 
883 957 
884 976 
885 859 912 857 963 940 959 
886 962 775 681 949 940 984 
887 956 940 992 935 966 1000 
888 997 
889 859 994 
890 949 
891 992 
892 995 
893 893 
894 678 
895 922 
896 995 
897 935 
898 898 
899 966 
900 995 
901 997 
902 993 
903 995 
904 992 904 961 
905 905 
906 998 
907 922 
908 989 
909 959 
910 982 
911 966 
912 912 
913 998 
914 949 
915 949 
916 998 
917 775 678 956 739 935 757 999 
918 984 904 905 912 962 994 
919 984 972 912 963 992 998 
920 924 
921 976 
922 922 
923 757 722 
924 924 
925 961 
926 924 
927 976 
928 993 819 984 962 989 956 998 
929 904 940 807 972 992 924 984 
930 963 
931 999 
932 932 
933 992 
934 1000 
935 935 
936 997 
937 993 
938 1000 
939 957 
940 940 997 
941 997 
942 995 
943 999 
944 999 
945 982 
946 997 
947 829 960 665 972 807 966 994 
948 997 
949 949 
950 940 992 935 796 949 994 
951 994 
952 999 
953 963 
954 999 
955 998 
956 956 993 
957 957 
958 506 544 940 898 949 992 989 
959 959 
960 960 
961 961 
962 962 995 
963 963 
964 992 
965 982 
966 966 
967 972 994 
968 994 
969 994 
970 960 
971 963 
972 972 
973 1000 
974 995 
975 984 
976 976 
977 966 
978 994 
979 993 
980 1000 
981 999 
982 982 
983 997 
984 984 
985 994 
986 995 
987 998 
988 819 993 932 924 876 997 
989 989 
990 992 
991 898 982 940 922 912 976 998 
992 992 
993 993 
994 994 
995 995 
996 998 
997 997 
998 998 
999 999 
1000 1000 
