1 996 
2 851 
3 963 
4 985 
5 824 
6 993 
7 643 
8 870 
9 898 
10 879 
11 975 
12 992 
13 921 
14 873 996 
15 824 
16 948 
17 981 
18 996 
19 915 
20 991 
21 714 
22 948 
23 979 
24 879 1000 898 
25 993 
26 997 
27 961 
28 963 
29 989 
30 991 
31 991 
32 963 994 
33 941 
34 995 
35 963 
36 1000 
37 1000 
38 975 
39 983 
40 984 985 
41 561 935 
42 967 
43 983 
44 963 
45 996 
46 870 
47 990 
48 979 
49 993 
50 941 
51 888 
52 785 
53 920 
54 994 
55 994 
56 994 
57 935 
58 995 
59 990 
60 873 
61 983 
62 994 
63 981 
64 985 
65 643 
66 772 
67 987 
68 990 
69 765 
70 989 
71 714 
72 995 
73 911 898 
74 981 
75 993 
76 985 
77 941 
78 975 
79 961 
80 847 984 
81 785 
82 1000 
83 896 
84 991 
85 989 948 
86 987 
87 975 
88 485 
89 812 
90 915 
91 996 975 
92 847 
93 963 
94 992 
95 895 
96 812 
97 898 
98 920 
99 987 975 
100 984 
101 997 
102 561 
103 485 915 
104 993 
105 961 
106 975 
107 961 
108 989 
109 485 772 
110 870 
111 851 
112 975 
113 920 
114 963 
115 961 
116 987 
117 870 
118 785 
119 896 
120 911 
121 920 
122 895 
123 870 941 
124 756 
125 622 
126 993 
127 989 
128 990 
129 995 
130 485 
131 991 
132 985 
133 963 
134 921 
135 948 
136 975 
137 979 
138 997 
139 990 
140 870 
141 981 
142 643 
143 991 
144 997 
145 785 985 
146 643 
147 870 
148 979 
149 961 
150 622 
151 785 
152 984 
153 963 
154 967 
155 995 
156 990 
157 948 
158 992 
159 983 
160 772 
161 785 967 
162 963 765 
163 888 851 
164 561 915 
165 561 
166 921 990 
167 989 
168 979 
169 630 
170 985 
171 485 
172 895 
173 915 
174 879 
175 996 
176 997 
177 997 
178 997 
179 1000 
180 983 
181 898 
182 997 
183 981 
184 979 
185 993 
186 870 
187 941 
188 989 
189 975 
190 941 
191 756 
192 983 991 
193 994 
194 994 
195 990 
196 997 
197 987 
198 941 
199 985 
200 992 
201 873 
202 772 
203 873 
204 989 
205 997 
206 967 
207 561 
208 911 
209 989 
210 991 1000 
211 985 
212 975 
213 879 
214 584 989 
215 989 
216 995 
217 995 
218 997 
219 994 
220 941 
221 995 
222 622 
223 981 
224 948 
225 622 
226 898 
227 1000 
228 990 
229 993 
230 995 
231 989 
232 948 824 
233 935 
234 991 
235 984 
236 714 
237 1000 989 
238 785 
239 992 
240 851 
241 643 
242 847 
243 921 
244 975 
245 690 
246 990 
247 990 
248 921 
249 920 
250 995 
251 785 
252 981 
253 879 
254 896 
255 992 
256 935 
257 690 
258 983 
259 643 
260 714 
261 690 
262 990 
263 997 990 984 1000 
264 995 
265 915 
266 987 
267 983 812 996 
268 870 915 975 
269 994 
270 995 
271 992 
272 992 
273 873 
274 785 
275 975 
276 967 
277 921 
278 992 
279 714 
280 996 
281 714 989 963 
282 983 
283 785 
284 987 
285 995 
286 987 
287 1000 
288 995 
289 622 
290 756 
291 812 
292 983 
293 963 
294 981 
295 888 
296 873 
297 994 
298 948 
299 989 
300 990 
301 1000 
302 847 941 
303 983 
304 961 
305 630 
306 785 
307 995 
308 991 
309 895 
310 879 
311 948 
312 990 
313 992 
314 643 
315 995 
316 996 
317 983 
318 981 
319 990 
320 991 
321 985 
322 714 992 
323 997 
324 873 
325 714 
326 995 
327 714 935 
328 948 765 
329 911 
330 983 
331 985 
332 994 
333 896 
334 985 
335 984 
336 983 
337 714 961 987 
338 584 
339 994 
340 812 
341 785 
342 983 
343 989 
344 993 
345 992 
346 989 
347 948 
348 992 
349 994 
350 888 
351 967 
352 561 
353 994 
354 963 
355 873 
356 984 948 975 991 
357 948 
358 989 
359 967 
360 983 994 1000 
361 967 
362 967 
363 989 
364 873 
365 994 
366 993 
367 765 
368 896 
369 996 
370 948 
371 993 
372 989 
373 915 
374 812 
375 990 
376 941 
377 992 
378 989 
379 992 
380 870 
381 561 
382 756 
383 920 
384 622 
385 1000 
386 993 
387 983 
388 920 
389 561 
390 997 
391 898 
392 990 
393 996 
394 622 
395 992 
396 984 
397 979 
398 983 
399 985 
400 941 879 983 989 
401 643 
402 948 
403 987 
404 1000 
405 993 
406 975 
407 987 
408 993 
409 996 
410 996 
411 994 
412 990 
413 948 
414 989 
415 979 
416 485 
417 997 
418 690 
419 990 
420 785 948 984 
421 824 
422 963 
423 985 
424 983 
425 812 765 896 
426 921 
427 870 
428 984 
429 895 
430 870 
431 921 
432 785 
433 948 
434 963 
435 584 
436 991 
437 915 
438 941 
439 812 
440 765 
441 896 
442 1000 
443 785 
444 967 
445 989 979 851 
446 985 
447 990 
448 985 
449 873 
450 984 
451 984 
452 987 
453 993 
454 921 
455 993 
456 987 
457 994 
458 948 
459 941 630 690 824 
460 987 
461 1000 
462 996 
463 756 
464 984 
465 991 935 983 
466 997 
467 873 714 941 
468 987 
469 643 
470 989 
471 898 911 997 1000 
472 772 
473 879 
474 941 
475 991 
476 1000 690 963 984 
477 995 
478 991 
479 997 
480 989 
481 993 
482 991 896 975 
483 992 
484 1000 911 
485 485 
486 975 
487 941 
488 714 
489 714 
490 981 
491 996 
492 643 
493 985 
494 961 
495 896 
496 888 
497 997 
498 979 
499 981 
500 714 996 
501 993 
502 985 
503 873 
504 997 
505 935 
506 989 
507 1000 
508 911 
509 989 
510 990 
511 643 
512 991 
513 935 
514 870 
515 975 
516 879 
517 997 
518 981 
519 785 
520 992 
521 851 
522 948 994 
523 895 
524 870 
525 995 
526 995 
527 772 
528 935 
529 1000 
530 630 
531 989 
532 622 
533 981 
534 920 
535 981 
536 991 
537 935 
538 847 
539 714 
540 985 
541 785 
542 993 984 
543 879 
544 991 
545 1000 
546 984 
547 983 
548 851 
549 993 996 
550 989 
551 985 
552 984 
553 997 
554 879 
555 992 
556 963 
557 941 
558 772 
559 975 
560 981 
561 561 
562 967 
563 987 
564 963 
565 851 
566 981 
567 990 
568 987 
569 935 984 
570 911 
571 870 
572 772 
573 975 
574 898 
575 987 
576 975 
577 921 
578 991 
579 963 
580 915 
581 948 
582 898 
583 772 
584 584 888 
585 985 
586 984 
587 785 
588 921 
589 995 
590 987 
591 990 
592 935 
593 979 
594 981 
595 985 
596 812 
597 979 
598 963 
599 873 
600 981 
601 996 
602 895 
603 963 
604 870 
605 879 
606 997 
607 979 984 
608 989 
609 879 
610 990 
611 561 
612 975 
613 990 
614 992 
615 987 
616 765 985 
617 911 
618 622 
619 630 
620 997 
621 985 989 
622 622 
623 896 
624 979 
625 765 
626 991 
627 984 
628 993 
629 990 975 
630 630 
631 961 
632 996 
633 948 
634 991 
635 993 
636 995 
637 975 
638 989 
639 935 989 
640 961 
641 991 
642 990 785 
643 643 
644 975 
645 985 
646 990 
647 561 935 990 
648 992 
649 989 984 
650 690 
651 1000 967 
652 765 915 991 
653 995 
654 993 
655 996 
656 963 
657 961 
658 873 
659 996 
660 996 
661 921 
662 983 
663 851 
664 920 
665 992 
666 870 
667 995 
668 851 
669 990 
670 935 
671 975 
672 995 
673 756 
674 948 1000 
675 993 
676 1000 
677 847 
678 987 
679 765 
680 989 948 992 
681 991 
682 1000 
683 961 
684 870 
685 985 
686 948 
687 772 
688 847 
689 990 
690 690 
691 975 941 967 
692 979 997 948 
693 895 
694 989 
695 975 
696 920 
697 997 
698 989 948 
699 981 
700 996 
701 985 
702 996 
703 995 
704 870 
705 993 
706 992 
707 851 
708 987 
709 984 
710 898 
711 996 935 920 870 
712 989 
713 991 
714 714 
715 985 
716 847 
717 948 
718 961 
719 996 
720 990 
721 948 
722 994 
723 981 
724 851 
725 990 
726 985 
727 996 
728 989 
729 996 
730 935 
731 847 
732 994 
733 948 
734 997 
735 948 
736 920 630 1000 
737 985 
738 994 
739 690 
740 948 990 
741 961 
742 984 
743 785 
744 985 
745 984 
746 1000 
747 873 
748 992 
749 485 643 1000 870 
750 643 983 898 987 
751 991 
752 879 870 895 
753 993 
754 756 
755 987 
756 756 
757 987 
758 1000 
759 987 
760 911 
761 915 
762 996 
763 963 
764 911 
765 765 
766 985 
767 996 
768 1000 
769 992 
770 992 997 975 984 
771 990 
772 772 
773 879 979 989 987 
774 984 
775 967 
776 961 
777 995 
778 765 
779 920 
780 992 
781 824 
782 983 
783 915 
784 996 
785 785 
786 993 
787 993 
788 983 987 997 975 
789 870 
790 987 
791 847 
792 1000 
793 963 
794 967 
795 879 
796 630 851 981 
797 996 
798 985 
799 984 
800 915 
801 870 
802 975 948 941 990 
803 992 
804 920 
805 991 
806 985 896 997 
807 993 
808 991 
809 898 
810 948 
811 812 
812 812 
813 990 
814 995 
815 991 
816 985 888 584 485 
817 961 
818 921 979 963 
819 870 
820 898 
821 911 
822 921 
823 941 
824 824 1000 
825 981 
826 920 
827 979 
828 991 
829 941 
830 772 992 561 847 
831 996 
832 879 985 975 
833 985 
834 911 
835 824 941 990 
836 975 
837 981 
838 948 
839 898 
840 948 
841 921 
842 975 
843 896 
844 873 
845 987 
846 996 948 981 989 
847 847 
848 985 
849 990 
850 993 
851 851 
852 979 
853 979 
854 975 
855 961 
856 895 
857 979 
858 990 963 915 967 
859 765 
860 994 
861 987 
862 714 
863 997 
864 994 
865 993 756 990 979 
866 963 
867 975 
868 870 
869 873 
870 870 
871 992 
872 879 
873 873 
874 994 
875 898 
876 935 561 
877 911 997 994 985 
878 993 
879 879 
880 975 
881 995 
882 993 
883 896 
884 981 
885 995 
886 1000 
887 990 
888 888 485 584 
889 1000 
890 948 
891 990 
892 997 
893 989 
894 915 
895 895 
896 896 
897 989 
898 898 
899 992 989 961 979 
900 995 
901 870 
902 896 
903 981 
904 941 
905 996 
906 996 
907 975 
908 975 
909 987 
910 963 
911 911 
912 990 979 772 997 896 
913 993 
914 873 
915 915 
916 991 
917 996 
918 920 996 963 994 
919 911 
920 920 
921 921 
922 915 
923 989 
924 1000 
925 997 
926 989 
927 963 
928 995 
929 985 
930 997 
931 996 
932 967 
933 979 
934 994 
935 935 
936 983 
937 561 888 992 997 
938 989 
939 991 
940 985 
941 941 
942 993 
943 975 
944 992 
945 985 
946 997 983 756 911 
947 948 1000 
948 948 
949 870 
950 989 
951 994 
952 643 983 630 961 991 
953 991 
954 997 
955 963 
956 997 
957 981 
958 824 992 785 1000 
959 993 
960 963 
961 961 
962 987 
963 963 
964 990 
965 985 
966 987 
967 967 
968 984 
969 994 
970 967 
971 990 
972 967 
973 990 
974 994 
975 975 
976 985 
977 1000 
978 948 990 996 975 1000 
979 979 985 
980 714 983 990 967 
981 981 
982 1000 
983 983 990 
984 984 
985 985 
986 1000 
987 987 
988 765 1000 948 990 994 
989 989 
990 990 
991 991 
992 992 
993 993 
994 994 
995 995 
996 996 
997 997 
998 898 992 981 1000 
999 996 888 981 963 987 
1000 1000 
