1 939 
2 994 
3 882 
4 882 823 965 
5 874 
6 874 
7 955 
8 989 
9 827 
10 842 997 
11 999 958 
12 999 
13 984 
14 955 
15 831 
16 981 
17 957 
18 957 
19 899 
20 999 
21 989 
22 980 
23 882 
24 844 
25 981 
26 999 
27 992 
28 882 
29 965 
30 994 
31 842 
32 939 
33 882 
34 874 
35 823 
36 878 
37 847 
38 847 948 
39 965 
40 882 
41 958 
42 948 
43 881 
44 958 
45 973 
46 994 
47 984 
48 712 
49 984 
50 926 
51 939 
52 718 
53 955 
54 741 
55 902 
56 960 
57 882 
58 994 
59 844 
60 984 
61 973 
62 958 
63 988 
64 981 
65 960 
66 682 
67 744 960 
68 989 
69 798 
70 882 
71 798 
72 915 
73 939 
74 957 
75 988 
76 926 
77 823 965 
78 844 772 
79 741 
80 715 
81 682 
82 926 
83 749 948 
84 986 
85 992 
86 882 
87 994 
88 882 
89 827 994 997 
90 670 
91 915 
92 798 
93 926 827 
94 988 
95 957 
96 988 
97 902 
98 915 
99 997 
100 960 988 
101 948 
102 955 
103 965 
104 881 
105 844 
106 990 
107 844 
108 772 831 980 
109 989 
110 926 772 
111 882 
112 955 
113 878 
114 823 
115 881 
116 881 
117 926 
118 878 
119 659 990 
120 894 
121 989 
122 682 894 
123 670 
124 958 
125 844 
126 965 
127 457 
128 882 
129 990 
130 915 
131 984 
132 989 
133 960 
134 764 
135 973 
136 988 
137 992 
138 718 
139 718 
140 772 
141 997 994 
142 744 
143 973 
144 847 
145 882 
146 960 
147 894 
148 823 
149 657 992 989 
150 741 
151 994 
152 881 831 
153 741 
154 712 
155 986 
156 899 659 744 
157 926 
158 926 
159 882 
160 670 
161 980 
162 955 
163 899 798 
164 926 
165 994 
166 967 
167 967 
168 844 
169 657 
170 981 
171 997 
172 957 
173 881 
174 894 
175 926 
176 990 
177 791 
178 958 
179 955 
180 981 
181 882 990 
182 939 988 
183 823 
184 994 
185 894 
186 988 
187 939 
188 965 
189 967 
190 997 
191 712 
192 957 
193 682 
194 899 
195 992 
196 976 
197 989 
198 899 
199 997 
200 955 831 
201 844 
202 994 
203 831 764 
204 989 
205 957 
206 988 
207 992 902 926 
208 960 
209 960 
210 670 
211 926 
212 659 
213 798 
214 955 
215 882 
216 980 
217 844 
218 948 
219 967 
220 981 
221 457 
222 989 
223 881 
224 999 
225 992 
226 823 
227 981 
228 772 
229 881 
230 999 
231 988 
232 791 
233 882 
234 882 
235 948 
236 980 
237 960 
238 915 
239 902 
240 894 
241 981 
242 948 
243 915 881 
244 965 
245 715 
246 915 
247 939 583 980 
248 958 984 994 
249 926 
250 715 
251 791 
252 764 
253 939 
254 772 
255 988 
256 882 
257 989 
258 657 847 960 984 
259 741 
260 986 
261 827 
262 989 994 
263 939 
264 984 
265 712 
266 744 960 
267 955 
268 657 
269 831 
270 718 
271 958 
272 657 
273 994 
274 973 
275 915 
276 989 
277 992 
278 999 
279 948 
280 926 
281 980 
282 712 
283 994 
284 984 
285 997 
286 981 
287 980 
288 989 
289 899 
290 659 960 
291 999 
292 989 
293 772 
294 847 
295 844 
296 682 
297 894 
298 894 
299 772 
300 926 
301 992 
302 878 
303 988 
304 992 
305 878 
306 976 
307 894 
308 764 
309 967 
310 791 
311 997 
312 948 
313 999 894 980 
314 894 
315 657 
316 976 
317 976 
318 965 
319 715 
320 749 
321 986 
322 992 
323 798 
324 981 
325 847 
326 948 
327 990 
328 990 
329 997 
330 847 
331 882 
332 657 
333 882 
334 958 955 
335 939 
336 973 
337 881 
338 973 
339 999 
340 976 
341 844 
342 881 772 986 
343 798 823 718 881 
344 997 
345 999 
346 791 
347 844 
348 902 
349 899 
350 992 
351 894 
352 882 
353 659 
354 973 
355 986 
356 744 
357 915 
358 948 
359 973 
360 948 
361 965 
362 958 
363 772 
364 980 
365 902 
366 989 899 844 831 
367 981 
368 715 
369 984 
370 955 847 882 976 
371 988 
372 992 
373 994 
374 960 955 
375 992 
376 902 992 997 
377 960 
378 899 
379 948 
380 842 
381 988 
382 973 
383 874 
384 712 
385 915 
386 994 
387 915 
388 980 
389 831 
390 798 
391 980 965 994 
392 939 
393 798 
394 874 
395 960 
396 967 
397 997 
398 958 
399 823 
400 882 
401 831 
402 999 
403 957 
404 973 
405 948 
406 976 
407 715 
408 988 
409 902 
410 981 
411 973 
412 973 
413 749 
414 980 
415 984 
416 997 
417 744 741 973 939 
418 958 
419 827 
420 958 
421 976 
422 980 
423 827 
424 712 
425 997 
426 984 
427 772 
428 957 
429 967 
430 976 
431 682 902 999 
432 715 
433 827 
434 899 
435 874 
436 989 
437 988 
438 902 980 986 
439 939 
440 715 
441 999 
442 984 
443 990 
444 881 
445 986 
446 988 
447 980 
448 988 
449 827 
450 939 
451 967 
452 955 
453 967 
454 823 
455 764 
456 967 
457 457 659 
458 899 
459 984 
460 967 
461 844 
462 926 
463 980 
464 992 
465 844 
466 967 
467 882 915 990 
468 915 
469 764 894 955 
470 988 
471 989 
472 976 
473 960 
474 992 
475 955 
476 948 
477 715 
478 881 
479 960 659 878 
480 659 
481 842 
482 902 
483 973 
484 831 
485 986 
486 659 657 939 992 976 
487 894 
488 957 
489 965 
490 980 
491 749 
492 899 
493 957 980 997 988 989 
494 984 
495 989 
496 926 
497 994 
498 902 
499 967 
500 999 
501 882 
502 583 
503 831 
504 772 881 915 984 670 
505 948 
506 965 
507 583 
508 798 
509 960 990 997 
510 882 
511 958 
512 744 
513 878 
514 894 
515 772 
516 981 
517 926 981 984 999 
518 772 
519 986 
520 988 
521 980 
522 926 
523 989 
524 994 
525 844 
526 874 
527 715 
528 997 
529 915 
530 957 
531 990 
532 981 
533 958 
534 583 
535 967 
536 881 960 989 990 
537 894 
538 986 
539 948 
540 939 
541 772 
542 997 
543 772 
544 990 
545 899 948 986 
546 960 
547 976 
548 980 
549 899 
550 988 
551 882 899 980 915 
552 958 
553 988 881 764 926 989 
554 791 
555 999 
556 764 
557 955 
558 997 
559 986 
560 882 
561 990 
562 842 
563 986 
564 990 
565 957 
566 899 980 990 992 
567 718 
568 965 
569 957 
570 874 
571 749 
572 990 
573 960 
574 984 
575 926 
576 994 
577 718 
578 899 
579 915 
580 926 
581 958 
582 764 
583 583 
584 986 
585 976 
586 831 
587 957 
588 878 
589 881 
590 882 831 
591 948 
592 984 
593 827 
594 939 
595 981 
596 997 
597 973 
598 999 
599 948 
600 798 
601 994 
602 980 
603 960 
604 823 
605 874 
606 984 
607 973 
608 988 
609 583 
610 823 
611 960 
612 984 
613 955 
614 986 
615 960 
616 965 
617 926 
618 744 
619 881 
620 988 
621 831 
622 878 
623 948 
624 967 
625 847 
626 973 
627 999 
628 984 
629 915 
630 926 
631 989 
632 981 
633 926 997 
634 926 
635 831 
636 965 
637 772 
638 798 
639 741 
640 915 
641 973 
642 844 
643 965 
644 882 
645 882 
646 882 
647 976 
648 915 
649 980 
650 827 
651 992 
652 882 
653 827 
654 986 
655 957 
656 990 
657 657 
658 659 
659 659 
660 984 
661 791 
662 955 
663 844 
664 958 
665 844 
666 988 
667 899 
668 915 
669 976 
670 670 
671 986 
672 948 
673 712 
674 926 
675 955 
676 744 
677 772 
678 958 
679 670 948 
680 973 
681 997 
682 682 
683 990 
684 984 
685 772 
686 984 
687 967 
688 881 
689 844 
690 994 
691 976 
692 882 
693 844 
694 823 874 902 
695 984 
696 844 
697 967 
698 967 
699 965 
700 994 
701 670 999 
702 955 
703 881 
704 988 
705 881 980 
706 827 
707 988 
708 948 997 
709 981 
710 990 
711 988 
712 712 
713 827 
714 973 
715 715 
716 772 
717 926 
718 718 
719 899 
720 984 
721 823 
722 988 
723 957 
724 823 
725 744 984 994 
726 948 
727 741 
728 741 
729 881 
730 997 
731 980 
732 791 
733 955 
734 878 
735 894 
736 984 
737 997 
738 657 
739 915 
740 992 
741 741 
742 894 926 980 
743 986 
744 744 
745 994 
746 988 
747 980 
748 874 
749 749 
750 989 
751 882 
752 798 
753 948 
754 994 
755 899 
756 715 
757 791 
758 718 
759 992 958 990 
760 881 
761 997 
762 926 957 988 
763 955 844 990 
764 764 
765 899 894 989 997 
766 967 
767 976 
768 926 
769 926 980 976 
770 847 
771 844 
772 772 
773 997 
774 926 
775 997 955 988 960 957 984 
776 939 
777 926 
778 997 
779 980 
780 960 
781 986 
782 986 
783 992 
784 994 
785 948 
786 988 847 878 
787 894 
788 749 992 989 986 
789 990 
790 981 
791 791 
792 957 
793 844 
794 986 
795 976 
796 994 
797 994 
798 798 
799 844 
800 823 
801 988 
802 989 
803 915 
804 915 
805 827 
806 955 
807 882 
808 749 994 948 986 
809 955 
810 847 
811 894 
812 986 
813 874 967 960 965 992 
814 980 
815 955 
816 992 
817 915 
818 926 
819 915 
820 823 
821 844 
822 955 
823 823 
824 988 
825 960 
826 958 
827 827 
828 948 
829 957 
830 958 
831 831 
832 989 
833 772 583 749 741 980 
834 984 
835 798 
836 999 
837 986 
838 997 
839 960 823 992 
840 915 
841 999 
842 842 988 
843 994 
844 844 
845 986 
846 712 960 958 994 
847 847 
848 999 
849 981 
850 965 
851 990 
852 831 
853 874 
854 973 
855 980 
856 967 
857 997 
858 990 
859 965 
860 831 
861 948 
862 847 
863 882 
864 957 
865 984 
866 878 
867 997 
868 967 
869 988 
870 967 
871 980 
872 831 
873 894 882 997 965 994 
874 874 
875 960 
876 980 
877 960 
878 878 
879 844 
880 844 
881 881 
882 882 
883 994 
884 882 
885 874 
886 992 
887 926 
888 984 
889 976 
890 712 
891 984 
892 772 
893 960 881 958 989 
894 894 
895 955 
896 926 
897 926 
898 976 
899 899 
900 984 
901 988 
902 902 
903 990 
904 988 
905 997 
906 999 
907 842 915 988 967 990 
908 882 
909 948 
910 992 
911 980 
912 990 
913 989 
914 847 967 
915 915 
916 955 772 988 990 999 
917 988 
918 957 
919 992 
920 984 
921 926 715 744 844 
922 994 
923 967 
924 965 
925 948 
926 926 
927 980 878 990 999 986 
928 980 
929 994 
930 882 
931 999 
932 980 
933 973 
934 948 
935 990 
936 976 
937 960 926 
938 981 
939 939 772 
940 958 
941 981 
942 878 960 718 926 989 
943 973 
944 926 915 988 986 992 
945 984 
946 902 844 997 948 
947 881 682 992 948 976 
948 948 
949 992 
950 957 
951 948 
952 894 827 960 992 994 
953 999 
954 926 
955 955 
956 957 
957 957 
958 958 
959 842 955 960 798 939 
960 960 
961 986 
962 981 
963 670 902 980 831 976 
964 976 
965 965 
966 989 
967 967 
968 967 
969 798 967 997 984 999 
970 992 
971 948 
972 990 
973 973 
974 984 
975 997 
976 976 
977 997 
978 899 976 986 844 981 
979 823 842 976 981 999 
980 980 
981 981 
982 882 715 986 990 957 
983 939 741 973 926 965 
984 984 
985 999 
986 986 
987 999 
988 988 
989 989 
990 990 
991 986 
992 992 
993 772 670 749 583 958 992 
994 994 
995 997 
996 994 
997 997 
998 988 
999 999 948 
1000 994 
