1 987 
2 980 
3 682 
4 881 
5 838 
6 1000 
7 913 
8 880 
9 1000 
10 982 
11 893 
12 957 
13 515 
14 987 
15 940 
16 1000 
17 881 
18 982 
19 642 
20 951 
21 838 
22 973 
23 515 
24 994 
25 999 
26 994 
27 937 
28 628 
29 962 
30 876 
31 893 
32 987 
33 980 
34 982 
35 988 
36 975 
37 992 
38 980 
39 951 
40 320 
41 916 
42 980 
43 1000 
44 998 
45 999 
46 856 
47 973 
48 940 
49 951 
50 988 
51 992 
52 980 
53 535 
54 856 
55 962 
56 929 
57 987 
58 957 
59 913 
60 982 
61 594 
62 982 
63 916 
64 681 
65 926 
66 854 
67 434 
68 594 
69 992 
70 979 
71 1000 
72 881 897 
73 766 
74 628 594 
75 980 
76 914 999 
77 994 
78 881 
79 998 
80 876 
81 709 
82 854 
83 982 
84 987 
85 916 
86 849 
87 535 
88 724 
89 766 
90 988 
91 940 
92 874 
93 916 
94 975 
95 838 
96 988 
97 988 
98 960 
99 962 
100 994 
101 881 
102 998 
103 1000 
104 628 
105 913 973 
106 937 
107 913 
108 724 
109 913 
110 926 
111 960 
112 876 
113 926 
114 824 
115 690 672 
116 994 
117 876 
118 957 
119 690 914 
120 849 
121 982 
122 975 979 
123 937 
124 998 
125 979 
126 957 
127 916 
128 957 
129 998 
130 998 
131 972 
132 473 
133 913 
134 962 
135 1000 
136 951 
137 910 
138 951 
139 914 
140 838 
141 690 
142 893 
143 849 642 682 
144 849 
145 999 
146 724 
147 838 
148 854 
149 975 
150 994 
151 960 
152 929 
153 913 994 
154 690 
155 929 
156 987 
157 757 980 999 
158 992 
159 962 
160 880 
161 982 
162 893 
163 999 
164 682 999 980 
165 434 
166 937 
167 914 
168 642 
169 365 
170 473 724 999 
171 913 
172 897 
173 365 940 
174 602 
175 473 
176 757 
177 365 
178 992 
179 916 
180 757 
181 929 
182 998 
183 998 
184 982 
185 709 
186 980 999 
187 998 
188 881 
189 998 
190 874 
191 724 
192 1000 
193 690 
194 929 
195 515 
196 960 
197 897 
198 365 
199 866 
200 979 
201 910 
202 320 
203 988 
204 913 
205 992 
206 757 
207 856 
208 854 
209 515 365 916 
210 766 
211 874 602 
212 473 951 
213 994 
214 876 
215 681 980 999 
216 962 
217 594 
218 926 
219 937 
220 988 
221 972 
222 681 320 
223 914 
224 962 
225 838 
226 910 
227 766 
228 992 
229 980 
230 998 
231 881 
232 913 434 
233 709 
234 881 
235 881 
236 982 
237 926 
238 682 
239 434 
240 849 
241 535 
242 992 
243 988 1000 
244 880 
245 982 
246 988 
247 594 
248 992 
249 957 
250 535 
251 998 
252 365 
253 876 
254 709 
255 998 
256 594 
257 876 
258 897 
259 628 
260 672 
261 951 
262 972 
263 926 
264 876 
265 602 
266 940 
267 987 
268 980 
269 994 
270 951 
271 999 
272 957 
273 999 
274 866 
275 999 
276 988 
277 998 
278 957 
279 849 
280 957 
281 690 
282 975 
283 856 
284 999 
285 994 
286 824 
287 856 
288 926 
289 876 
290 994 
291 975 
292 838 893 866 979 
293 849 
294 757 980 
295 975 
296 980 
297 642 
298 957 
299 972 
300 940 
301 913 
302 515 
303 709 
304 1000 
305 975 
306 929 
307 910 972 
308 913 
309 979 
310 979 
311 979 
312 766 
313 926 
314 766 628 914 
315 672 
316 642 
317 856 
318 951 
319 709 
320 320 
321 365 
322 975 
323 926 
324 973 
325 642 
326 987 
327 854 
328 681 
329 910 
330 893 
331 999 
332 876 
333 992 
334 972 
335 690 
336 926 
337 957 
338 824 
339 988 
340 849 910 972 
341 999 
342 672 766 999 
343 709 
344 999 
345 856 
346 1000 
347 979 
348 876 
349 856 
350 893 
351 473 
352 957 994 973 
353 682 
354 987 
355 897 
356 987 854 940 
357 992 
358 682 893 992 979 
359 979 
360 838 929 992 
361 951 
362 975 
363 838 724 999 
364 690 
365 365 
366 897 
367 957 
368 881 
369 980 
370 992 
371 434 
372 876 838 
373 893 
374 320 
375 893 
376 994 
377 988 
378 940 
379 682 602 473 988 
380 628 937 980 
381 926 
382 913 
383 690 
384 434 
385 854 
386 980 
387 987 
388 937 
389 866 
390 987 
391 988 
392 951 
393 854 
394 473 
395 914 
396 681 
397 849 
398 999 
399 876 
400 824 690 854 
401 988 
402 960 
403 1000 
404 999 
405 999 
406 929 
407 1000 866 982 994 
408 880 
409 1000 
410 987 
411 998 
412 881 
413 881 
414 709 
415 690 681 766 
416 838 
417 987 
418 910 
419 937 
420 914 
421 766 
422 999 
423 914 
424 929 
425 594 
426 973 
427 1000 
428 1000 
429 957 
430 926 
431 973 
432 910 874 929 972 
433 987 
434 434 
435 602 
436 960 
437 992 
438 962 
439 962 
440 672 
441 672 929 824 994 998 
442 962 
443 962 
444 910 
445 999 
446 876 
447 940 
448 434 594 937 973 
449 982 
450 916 
451 824 979 
452 937 
453 849 
454 992 
455 960 
456 594 
457 535 434 940 
458 979 
459 962 
460 973 
461 929 
462 880 
463 910 
464 960 
465 320 
466 916 
467 994 
468 824 937 940 972 973 
469 937 
470 980 
471 998 
472 893 
473 473 
474 628 
475 999 
476 910 
477 937 
478 910 
479 940 
480 973 
481 972 
482 926 
483 937 
484 987 
485 874 
486 960 
487 975 
488 881 
489 914 
490 672 
491 982 
492 724 
493 980 
494 960 
495 972 
496 972 
497 893 724 994 
498 979 
499 766 
500 602 866 979 
501 940 
502 642 
503 515 
504 988 
505 856 365 434 
506 876 
507 690 
508 987 
509 972 
510 628 
511 594 
512 962 
513 940 
514 874 
515 515 
516 910 515 874 988 1000 
517 672 
518 973 
519 951 
520 672 874 988 724 
521 979 
522 982 
523 957 
524 926 
525 999 
526 973 
527 994 
528 914 
529 434 
530 988 
531 988 
532 988 
533 994 
534 992 
535 535 
536 940 
537 962 
538 962 
539 856 
540 973 
541 880 
542 910 
543 960 
544 940 
545 1000 
546 856 
547 628 
548 602 
549 914 
550 602 
551 681 999 929 
552 320 
553 979 
554 982 
555 893 
556 994 
557 724 
558 957 
559 515 642 856 913 929 
560 434 
561 757 
562 916 
563 897 
564 982 
565 724 
566 960 
567 849 926 
568 866 
569 893 
570 975 
571 979 
572 824 
573 766 
574 980 
575 988 
576 893 
577 979 
578 515 
579 682 
580 987 
581 988 
582 988 
583 757 
584 987 
585 929 
586 929 
587 880 
588 999 
589 849 
590 874 
591 682 
592 881 
593 473 
594 594 
595 994 
596 766 
597 1000 
598 854 
599 824 
600 880 
601 856 
602 602 
603 962 
604 994 
605 434 
606 937 
607 951 
608 880 
609 951 
610 866 
611 320 
612 940 
613 897 
614 975 
615 992 
616 690 
617 914 
618 972 
619 973 
620 856 
621 515 893 
622 987 
623 960 
624 535 
625 473 987 
626 856 
627 473 
628 628 
629 926 
630 951 
631 628 897 
632 994 
633 962 
634 957 
635 824 
636 628 
637 992 
638 960 
639 594 
640 365 
641 957 
642 642 
643 973 
644 988 
645 962 
646 926 
647 910 
648 962 
649 849 
650 757 988 
651 838 
652 916 
653 724 
654 951 979 
655 681 
656 709 
657 642 
658 874 
659 874 
660 672 
661 975 
662 913 962 
663 957 
664 973 
665 929 
666 854 
667 910 
668 910 
669 988 
670 992 
671 979 
672 672 
673 849 
674 914 
675 998 
676 602 
677 365 
678 594 
679 916 
680 937 
681 681 
682 682 
683 881 
684 838 
685 998 
686 951 
687 982 
688 988 
689 951 
690 690 
691 962 
692 876 
693 998 
694 987 
695 988 
696 951 
697 972 
698 973 
699 992 
700 998 
701 876 
702 594 
703 982 
704 881 
705 838 
706 951 
707 893 
708 602 988 1000 
709 709 
710 929 
711 849 
712 975 
713 980 
714 874 
715 913 
716 913 
717 914 
718 594 881 951 937 
719 987 
720 975 
721 874 
722 824 
723 979 
724 724 
725 849 
726 434 
727 988 
728 602 
729 973 
730 1000 
731 866 
732 992 
733 880 
734 897 
735 880 
736 473 
737 937 
738 880 
739 987 
740 913 897 987 998 
741 594 866 987 
742 757 
743 975 
744 988 
745 515 757 320 992 940 
746 980 
747 594 
748 937 
749 893 
750 973 
751 515 
752 994 
753 913 
754 999 
755 992 
756 913 
757 757 
758 987 
759 320 
760 672 
761 973 
762 951 
763 962 
764 973 
765 926 
766 766 
767 515 
768 897 
769 994 
770 881 
771 975 
772 874 
773 973 
774 987 
775 913 
776 960 
777 962 
778 988 681 365 320 960 992 
779 757 320 937 980 1000 
780 897 
781 929 
782 893 
783 914 
784 962 
785 998 
786 926 
787 724 
788 866 
789 365 
790 876 
791 962 
792 980 
793 880 
794 910 
795 926 982 999 998 980 
796 913 999 937 982 979 
797 849 
798 929 
799 876 
800 992 
801 434 
802 897 
803 880 
804 854 
805 916 515 957 
806 973 
807 982 
808 876 
809 910 
810 866 
811 880 
812 994 
813 709 
814 994 
815 866 
816 980 
817 988 999 766 602 972 975 
818 881 
819 914 
820 979 
821 994 
822 320 849 982 937 960 992 
823 998 
824 824 
825 960 
826 838 
827 473 982 998 
828 937 
829 709 
830 937 
831 881 
832 893 
833 320 
834 880 
835 910 
836 962 
837 998 
838 838 
839 881 960 999 992 1000 
840 914 
841 962 
842 929 
843 988 
844 998 
845 937 
846 893 
847 434 951 987 
848 972 
849 849 
850 998 
851 320 
852 980 
853 979 
854 854 
855 926 
856 856 
857 913 
858 957 
859 999 987 998 
860 849 
861 998 
862 988 
863 709 
864 594 
865 929 
866 866 
867 856 854 929 1000 
868 957 
869 999 
870 960 
871 972 
872 881 
873 897 
874 874 
875 913 
876 876 
877 980 
878 1000 
879 881 
880 880 
881 881 
882 982 
883 1000 
884 987 
885 880 
886 1000 
887 992 
888 434 
889 994 
890 365 849 982 998 
891 914 
892 988 
893 893 
894 926 
895 962 
896 914 
897 897 
898 979 
899 988 
900 979 
901 992 
902 724 
903 972 
904 681 929 980 972 979 
905 982 
906 960 
907 980 
908 960 
909 951 
910 910 
911 594 
912 962 
913 913 
914 914 
915 594 
916 916 
917 979 
918 999 
919 951 
920 972 
921 960 
922 998 
923 838 866 982 998 1000 
924 975 
925 999 910 937 994 982 
926 926 
927 992 
928 913 
929 929 
930 998 
931 940 
932 982 
933 957 
934 926 
935 937 
936 1000 
937 937 
938 973 
939 982 
940 940 
941 975 
942 987 
943 960 
944 998 
945 999 980 913 973 972 
946 998 
947 999 937 973 914 962 972 
948 979 
949 998 
950 999 
951 951 
952 937 957 320 973 866 980 
953 992 
954 937 
955 975 
956 973 
957 957 
958 1000 
959 992 
960 960 
961 975 
962 962 
963 979 
964 994 594 988 913 914 987 
965 998 
966 1000 
967 1000 
968 998 
969 988 
970 992 
971 994 
972 972 
973 973 
974 987 
975 975 
976 979 
977 987 
978 980 
979 979 
980 980 
981 910 874 987 972 880 960 
982 982 
983 916 854 690 881 897 937 
984 999 535 960 992 979 
985 998 
986 1000 
987 987 
988 988 
989 856 724 988 962 880 960 
990 1000 
991 940 535 893 999 962 992 
992 992 
993 893 929 940 926 979 1000 
994 994 
995 838 916 876 987 999 992 
996 1000 
997 910 724 856 972 951 1000 
998 998 
999 999 
1000 1000 
