1 923 
2 869 
3 862 
4 869 
5 994 
6 655 
7 994 
8 986 
9 726 
10 567 488 994 
11 785 966 922 980 995 
12 994 
13 922 
14 782 
15 372 
16 980 
17 938 
18 922 
19 1000 
20 983 
21 979 684 
22 922 
23 947 
24 979 
25 797 
26 999 768 997 
27 567 
28 997 
29 985 
30 797 
31 980 
32 936 
33 726 
34 766 
35 726 
36 572 
37 945 
38 999 
39 997 
40 950 
41 299 
42 993 
43 934 
44 922 
45 936 
46 961 
47 986 
48 299 
49 766 
50 902 
51 985 
52 902 
53 723 
54 770 
55 711 
56 983 
57 675 
58 902 
59 993 
60 993 
61 995 
62 684 
63 567 
64 905 
65 711 
66 991 
67 982 
68 1000 
69 948 
70 905 980 
71 986 
72 994 
73 396 
74 993 821 
75 761 
76 635 
77 766 
78 396 
79 994 
80 726 
81 922 
82 922 
83 736 995 
84 966 
85 957 
86 982 
87 980 867 
88 862 966 723 
89 721 
90 948 
91 839 
92 938 
93 770 
94 994 
95 982 
96 675 
97 979 
98 986 
99 993 
100 785 
101 856 
102 736 
103 862 
104 769 
105 905 
106 961 
107 819 
108 852 
109 991 
110 980 
111 675 
112 957 
113 922 993 
114 902 
115 862 
116 721 
117 950 
118 994 
119 862 
120 997 867 
121 995 
122 770 
123 671 
124 634 
125 1000 572 
126 852 
127 567 
128 572 655 
129 1000 
130 947 
131 997 
132 945 
133 923 
134 979 
135 938 
136 1000 
137 1000 
138 991 
139 917 
140 936 
141 986 
142 902 
143 980 
144 488 
145 961 
146 819 567 961 
147 982 
148 985 
149 1000 
150 819 
151 957 
152 856 
153 991 
154 307 
155 995 
156 979 
157 991 
158 997 
159 948 
160 985 
161 923 
162 299 
163 856 
164 396 
165 997 
166 635 
167 922 
168 982 
169 902 
170 671 
171 945 
172 761 
173 869 
174 501 
175 572 
176 524 
177 922 
178 938 
179 936 
180 966 
181 997 
182 922 
183 761 902 
184 995 
185 852 923 985 
186 782 
187 936 
188 986 
189 856 
190 934 
191 985 
192 997 
193 770 
194 948 
195 556 
196 966 
197 993 
198 999 
199 922 
200 950 
201 945 
202 966 983 
203 922 934 991 
204 983 
205 986 
206 768 923 902 980 993 995 
207 991 
208 902 
209 948 
210 723 
211 766 
212 856 
213 852 
214 923 
215 957 
216 938 
217 821 
218 501 
219 995 
220 993 
221 995 
222 985 
223 770 
224 819 
225 961 
226 768 934 997 985 999 
227 980 
228 524 
229 948 
230 982 
231 782 
232 819 
233 761 983 997 
234 966 
235 957 
236 948 
237 726 948 1000 
238 567 821 982 
239 867 
240 675 
241 986 
242 934 
243 905 961 726 
244 950 
245 999 
246 862 
247 797 
248 994 
249 769 
250 936 
251 948 
252 991 
253 966 556 769 982 
254 994 
255 470 572 
256 945 
257 979 
258 488 999 948 
259 862 
260 869 
261 993 
262 961 
263 999 
264 671 
265 567 999 
266 966 
267 957 
268 862 
269 839 
270 983 
271 524 
272 997 
273 985 
274 979 
275 982 
276 957 
277 766 
278 726 852 980 995 1000 
279 556 
280 862 
281 796 
282 922 
283 917 
284 993 
285 675 950 
286 684 
287 993 
288 299 
289 991 
290 556 
291 785 980 948 950 
292 723 
293 785 938 948 985 999 
294 938 
295 567 307 
296 675 
297 999 
298 995 
299 299 
300 721 307 936 991 
301 999 
302 922 
303 501 
304 982 
305 711 
306 961 983 986 982 994 
307 307 
308 993 
309 922 
310 396 
311 723 
312 991 
313 986 
314 856 
315 938 
316 770 
317 950 
318 556 372 567 983 
319 948 
320 655 572 
321 556 
322 905 
323 634 
324 983 
325 961 
326 785 
327 995 
328 796 
329 945 
330 711 
331 396 
332 299 
333 372 
334 947 
335 299 985 
336 950 
337 902 
338 867 
339 867 
340 470 983 938 934 
341 852 
342 982 
343 922 856 
344 488 
345 986 
346 947 
347 986 
348 797 
349 982 
350 671 905 
351 768 
352 950 
353 819 
354 869 
355 985 
356 711 
357 307 
358 635 
359 567 
360 934 
361 993 
362 721 
363 982 
364 993 
365 721 
366 726 
367 922 
368 966 
369 938 
370 797 
371 711 
372 372 
373 768 
374 567 
375 736 
376 1000 
377 796 
378 675 
379 501 
380 961 
381 991 
382 948 
383 985 
384 905 
385 862 
386 936 634 994 995 991 
387 634 
388 938 
389 994 
390 852 
391 934 
392 723 
393 862 
394 604 
395 983 
396 396 
397 797 
398 993 
399 839 
400 1000 
401 986 
402 761 
403 634 
404 782 
405 675 991 852 961 934 997 
406 769 948 922 
407 768 
408 711 
409 938 
410 501 
411 995 307 983 
412 766 
413 655 
414 796 
415 867 
416 736 
417 983 
418 999 
419 957 
420 945 
421 862 
422 501 
423 905 
424 785 
425 604 
426 470 
427 797 
428 957 
429 797 
430 986 
431 671 
432 567 
433 1000 
434 994 655 
435 852 
436 997 
437 726 
438 856 
439 922 
440 721 
441 1000 
442 766 
443 980 
444 819 
445 993 
446 948 
447 524 934 966 902 997 
448 766 
449 997 
450 994 
451 961 
452 980 
453 934 
454 950 
455 993 
456 994 
457 905 
458 372 950 948 991 
459 307 
460 856 
461 980 
462 856 
463 684 852 524 1000 
464 983 
465 1000 
466 995 
467 966 
468 980 
469 923 
470 470 
471 922 
472 995 
473 396 
474 985 
475 770 
476 856 
477 999 
478 869 
479 766 
480 982 
481 905 
482 839 
483 567 
484 721 
485 983 
486 985 
487 980 
488 488 
489 635 
490 862 
491 936 
492 982 
493 986 
494 994 
495 721 
496 869 852 839 604 307 
497 923 
498 986 
499 994 
500 982 
501 501 
502 1000 
503 966 
504 995 
505 862 
506 936 
507 524 950 721 723 994 945 
508 785 
509 766 
510 991 
511 902 
512 572 
513 961 
514 999 
515 985 
516 995 852 634 985 993 
517 862 770 839 
518 796 
519 934 
520 396 994 922 856 
521 634 
522 567 797 867 945 
523 950 
524 524 
525 372 
526 999 
527 869 
528 999 
529 862 
530 488 
531 675 
532 488 
533 604 
534 862 
535 711 
536 770 948 997 985 995 
537 966 
538 572 
539 923 
540 769 948 961 1000 980 
541 867 
542 982 
543 862 
544 852 
545 856 
546 936 
547 961 
548 604 985 950 999 
549 993 
550 986 
551 711 
552 470 
553 983 
554 966 
555 938 
556 556 
557 839 
558 819 936 983 991 1000 
559 567 
560 923 
561 655 
562 821 
563 852 
564 936 
565 839 635 936 979 983 1000 
566 986 
567 567 
568 1000 
569 524 
570 979 
571 839 
572 572 
573 922 
574 634 
575 983 
576 938 
577 299 
578 966 
579 634 
580 993 
581 986 
582 950 
583 999 
584 980 
585 994 
586 862 
587 991 
588 986 
589 991 
590 785 
591 999 
592 761 
593 938 
594 947 936 983 1000 
595 723 
596 567 
597 999 
598 961 
599 770 736 995 1000 
600 999 
601 986 
602 993 
603 796 
604 604 
605 995 
606 948 
607 979 
608 396 
609 867 
610 711 
611 769 
612 961 
613 567 
614 991 
615 995 
616 985 
617 770 
618 991 
619 995 
620 966 
621 711 
622 947 
623 917 
624 1000 
625 938 
626 819 299 938 985 993 
627 797 
628 934 
629 721 
630 917 
631 572 936 945 985 994 997 
632 905 
633 945 
634 634 
635 635 
636 922 
637 999 
638 995 
639 567 
640 991 
641 675 
642 501 
643 634 
644 934 
645 902 
646 768 
647 1000 
648 922 
649 671 
650 945 
651 961 
652 723 
653 299 
654 785 
655 572 655 
656 961 
657 980 
658 982 
659 726 
660 635 
661 993 634 470 796 567 957 
662 572 821 
663 994 
664 980 
665 567 980 856 982 985 
666 999 
667 936 
668 796 
669 938 
670 819 
671 671 
672 997 
673 567 
674 867 
675 675 
676 982 
677 961 
678 991 
679 556 957 
680 997 
681 671 782 985 997 999 
682 796 770 938 980 983 995 
683 993 
684 684 821 902 
685 852 
686 852 
687 934 
688 721 
689 983 
690 985 
691 991 
692 902 936 961 922 1000 982 
693 945 
694 839 
695 852 
696 961 
697 983 
698 770 
699 1000 
700 985 
701 961 
702 945 
703 839 
704 711 
705 769 902 982 
706 856 
707 991 
708 938 
709 979 
710 938 524 635 936 950 982 
711 711 
712 957 
713 945 
714 999 
715 856 
716 862 372 782 917 902 999 
717 867 
718 769 
719 736 
720 938 761 
721 721 
722 983 
723 723 
724 993 
725 567 
726 726 
727 905 
728 862 572 470 
729 922 470 
730 923 299 995 997 
731 993 
732 905 
733 991 
734 994 
735 966 
736 736 
737 980 
738 726 396 993 966 983 
739 947 
740 867 
741 839 
742 869 
743 856 
744 961 
745 997 
746 979 
747 396 
748 961 
749 922 
750 1000 948 982 994 
751 986 
752 726 
753 634 
754 902 
755 785 
756 993 
757 938 
758 766 
759 769 766 936 961 982 
760 999 
761 761 
762 862 
763 993 
764 945 
765 934 
766 766 
767 980 
768 768 
769 769 
770 770 
771 997 
772 726 
773 999 
774 980 
775 997 
776 950 905 999 
777 782 
778 839 
779 983 
780 902 
781 938 
782 782 
783 1000 
784 711 1000 997 
785 785 
786 307 
787 634 
788 950 
789 785 
790 782 
791 938 
792 983 
793 995 
794 634 
795 1000 
796 796 
797 797 
798 782 
799 922 
800 922 997 
801 768 
802 995 
803 902 
804 902 
805 999 
806 991 
807 980 
808 723 
809 994 
810 922 
811 993 
812 994 
813 993 
814 923 
815 922 
816 957 
817 991 
818 982 
819 819 
820 986 
821 572 979 684 821 655 
822 947 
823 999 979 902 994 
824 938 982 
825 985 
826 572 922 1000 997 
827 711 
828 950 
829 995 
830 711 
831 524 985 
832 938 999 
833 980 
834 950 
835 922 
836 917 
837 986 
838 299 
839 839 
840 993 
841 766 
842 923 
843 995 736 
844 961 
845 675 
846 856 
847 997 
848 867 
849 979 
850 966 
851 982 
852 852 
853 501 761 934 991 
854 999 
855 994 
856 856 
857 993 991 905 1000 
858 945 
859 980 
860 961 
861 934 
862 862 
863 999 675 905 993 
864 983 
865 957 
866 948 
867 867 
868 905 
869 869 
870 785 
871 923 
872 997 
873 766 
874 867 
875 635 
876 993 
877 979 
878 1000 
879 995 
880 994 
881 950 
882 957 
883 947 
884 761 299 902 986 995 
885 994 
886 862 
887 923 
888 635 905 
889 950 
890 980 
891 950 
892 797 997 
893 994 
894 922 
895 934 
896 797 572 684 655 
897 979 
898 299 
899 966 
900 721 
901 985 
902 902 
903 934 
904 1000 
905 905 
906 993 
907 768 
908 768 
909 993 
910 995 862 999 721 785 966 923 950 
911 934 
912 995 768 
913 905 
914 1000 
915 999 938 723 980 997 966 1000 994 
916 986 
917 917 770 922 985 
918 993 867 995 966 856 986 982 
919 922 
920 922 
921 723 997 
922 922 
923 923 
924 986 
925 922 
926 856 
927 711 819 980 934 995 997 
928 994 
929 966 
930 994 
931 980 
932 923 
933 797 980 635 768 938 966 
934 934 
935 995 
936 936 
937 957 
938 938 
939 936 470 524 922 966 994 957 985 
940 957 
941 980 
942 902 
943 948 994 
944 997 
945 945 
946 938 
947 947 
948 948 
949 999 
950 950 
951 997 
952 501 634 936 711 991 994 938 957 
953 986 
954 994 
955 994 999 991 782 966 997 
956 902 
957 957 
958 950 
959 957 997 
960 986 
961 961 
962 934 
963 947 997 736 1000 
964 997 
965 991 869 983 985 947 768 997 
966 966 
967 922 
968 986 
969 856 
970 994 
971 991 
972 997 
973 1000 
974 994 
975 671 905 488 999 711 985 995 947 
976 1000 
977 982 
978 999 839 524 671 299 961 995 985 
979 979 994 905 
980 980 
981 966 983 
982 982 
983 983 
984 995 
985 985 917 
986 986 
987 675 999 299 721 905 991 985 856 966 
988 985 997 
989 1000 
990 993 769 862 839 961 948 966 
991 991 
992 982 999 
993 993 
994 994 
995 995 
996 993 936 299 938 966 917 856 979 985 
997 997 
998 997 
999 999 
1000 1000 
