1 954 
2 973 
3 975 
4 899 
5 989 
6 967 
7 824 
8 936 
9 967 
10 678 
11 961 
12 974 
13 658 
14 916 
15 879 
16 967 
17 928 
18 1000 
19 916 
20 756 
21 983 
22 989 
23 756 
24 967 
25 605 
26 826 
27 879 
28 967 
29 830 
30 491 
31 1000 
32 989 
33 899 
34 951 
35 954 
36 984 
37 866 
38 954 
39 989 
40 954 
41 823 
42 678 
43 752 
44 966 
45 997 
46 973 
47 936 
48 967 
49 873 
50 984 
51 951 
52 966 
53 873 
54 830 
55 826 
56 899 
57 567 
58 691 
59 866 
60 936 
61 975 
62 956 
63 984 
64 567 
65 658 
66 997 
67 634 
68 678 
69 823 
70 975 
71 997 
72 997 
73 961 
74 823 
75 997 
76 935 
77 928 
78 951 
79 983 
80 866 
81 668 
82 634 
83 634 
84 756 
85 888 
86 975 
87 951 
88 975 
89 989 
90 951 
91 935 
92 899 
93 974 
94 936 
95 956 
96 989 
97 956 
98 899 
99 966 
100 823 
101 830 
102 873 
103 935 
104 983 
105 954 
106 898 
107 961 
108 936 
109 1000 
110 967 
111 830 866 
112 951 
113 966 
114 865 
115 935 
116 916 
117 935 
118 916 
119 935 
120 899 
121 752 
122 898 
123 984 
124 954 
125 956 
126 899 
127 888 
128 866 
129 605 
130 983 
131 997 
132 974 
133 954 
134 935 
135 951 
136 997 
137 752 
138 967 
139 865 
140 935 
141 935 
142 756 
143 888 
144 491 
145 973 
146 873 
147 989 
148 1000 
149 830 
150 975 
151 967 
152 1000 
153 939 
154 756 
155 984 
156 954 
157 879 
158 898 
159 756 
160 975 
161 951 
162 668 
163 973 
164 961 
165 967 
166 879 
167 826 
168 954 
169 928 
170 967 
171 984 
172 961 
173 966 
174 974 
175 983 
176 826 
177 973 
178 928 
179 984 
180 951 
181 939 
182 973 
183 936 
184 989 
185 961 
186 888 
187 935 
188 1000 
189 824 
190 961 
191 865 
192 973 
193 865 
194 936 
195 954 
196 951 
197 956 
198 873 
199 939 
200 983 
201 984 
202 967 
203 865 
204 830 
205 822 
206 961 
207 1000 
208 983 
209 898 
210 989 
211 866 888 
212 826 
213 935 
214 974 
215 567 
216 888 
217 974 
218 989 
219 935 
220 936 
221 974 
222 865 
223 954 
224 974 
225 973 
226 951 
227 989 
228 997 
229 567 
230 939 
231 830 
232 1000 
233 983 
234 823 
235 973 
236 865 
237 928 989 
238 916 
239 956 
240 966 
241 939 
242 956 
243 916 
244 935 
245 984 
246 1000 
247 935 
248 822 
249 822 
250 491 
251 823 
252 951 
253 691 973 
254 984 
255 956 
256 939 
257 822 
258 967 
259 899 
260 989 
261 973 
262 974 
263 879 
264 956 
265 939 
266 824 
267 916 
268 928 
269 879 
270 678 
271 936 
272 826 
273 939 
274 961 
275 956 
276 939 
277 961 
278 752 
279 983 
280 823 824 
281 928 
282 983 
283 898 
284 967 997 
285 916 
286 879 
287 936 
288 668 
289 954 
290 961 
291 936 
292 830 
293 956 
294 826 
295 1000 
296 956 
297 823 
298 939 
299 898 
300 961 
301 691 1000 
302 983 
303 899 
304 966 
305 973 
306 491 
307 966 
308 899 
309 899 
310 823 
311 865 
312 939 
313 966 
314 997 
315 865 966 
316 973 
317 956 
318 966 
319 691 
320 989 
321 752 
322 961 
323 936 
324 989 
325 830 
326 1000 
327 899 
328 939 
329 984 
330 989 
331 974 
332 961 
333 939 
334 899 
335 966 
336 1000 
337 888 
338 865 
339 873 
340 888 
341 967 
342 954 
343 961 935 
344 973 
345 973 
346 983 
347 989 
348 983 
349 935 
350 956 
351 823 
352 1000 
353 967 
354 826 967 
355 966 
356 1000 
357 678 
358 691 
359 954 
360 752 928 
361 989 
362 823 967 
363 898 
364 822 
365 826 
366 951 
367 865 
368 567 
369 1000 
370 954 989 
371 939 
372 983 
373 984 
374 984 
375 966 
376 974 
377 984 
378 956 
379 984 
380 1000 
381 879 
382 866 
383 605 
384 956 
385 899 
386 916 
387 935 
388 997 
389 967 
390 973 
391 826 
392 961 
393 997 
394 935 
395 956 
396 691 
397 567 
398 935 
399 830 
400 956 
401 491 
402 928 
403 935 983 
404 939 
405 936 
406 973 
407 966 879 
408 1000 
409 830 
410 956 
411 678 
412 951 
413 752 
414 974 
415 678 
416 954 
417 983 
418 997 
419 997 
420 975 
421 939 
422 983 
423 961 
424 888 
425 822 
426 865 
427 983 
428 984 
429 898 
430 935 
431 997 
432 822 
433 678 
434 966 
435 967 
436 866 
437 826 
438 658 
439 974 
440 898 
441 935 
442 822 
443 822 
444 605 
445 989 
446 984 
447 973 
448 961 
449 658 
450 830 974 
451 983 
452 936 
453 873 
454 1000 
455 974 
456 973 
457 966 
458 879 928 
459 975 
460 984 
461 997 
462 997 
463 873 1000 
464 678 
465 983 
466 634 
467 824 
468 989 
469 605 
470 961 
471 824 
472 605 
473 567 
474 951 
475 974 
476 916 
477 961 
478 984 
479 939 
480 975 
481 961 899 
482 879 
483 961 
484 1000 
485 966 
486 826 
487 989 
488 936 
489 491 
490 997 
491 491 
492 928 
493 826 
494 974 
495 691 
496 989 
497 605 
498 935 
499 605 954 
500 997 
501 984 
502 983 
503 752 
504 966 
505 966 
506 899 
507 899 951 
508 935 
509 966 
510 983 
511 966 
512 997 
513 961 956 
514 951 
515 983 
516 928 
517 567 
518 899 
519 830 
520 997 
521 935 
522 658 
523 873 
524 936 997 
525 879 
526 668 
527 974 
528 567 
529 956 
530 658 
531 491 
532 605 
533 939 
534 997 
535 830 
536 967 
537 951 
538 956 
539 939 
540 975 
541 916 928 
542 939 
543 826 873 
544 898 
545 967 
546 888 
547 973 
548 658 
549 935 
550 984 
551 984 
552 898 
553 1000 
554 983 
555 935 
556 1000 
557 966 
558 983 
559 1000 
560 966 
561 756 
562 939 
563 823 
564 983 
565 866 
566 939 
567 567 
568 939 
569 954 
570 997 
571 984 
572 605 
573 975 
574 752 
575 899 
576 916 
577 984 
578 879 1000 
579 936 
580 997 
581 983 975 
582 935 
583 983 
584 822 
585 605 
586 822 
587 966 
588 888 
589 966 
590 975 
591 668 
592 865 
593 899 
594 634 
595 984 
596 1000 
597 916 
598 899 
599 966 
600 935 
601 966 
602 967 
603 973 
604 567 
605 605 
606 866 
607 634 
608 658 
609 752 
610 824 
611 966 
612 954 
613 989 983 
614 984 
615 691 
616 658 
617 756 
618 997 
619 975 
620 951 
621 984 
622 973 
623 899 
624 997 
625 826 
626 974 
627 916 
628 823 830 
629 826 
630 967 
631 830 
632 491 
633 567 
634 634 
635 954 974 
636 997 
637 823 
638 1000 
639 634 
640 989 
641 668 756 
642 935 
643 928 
644 898 
645 975 
646 974 
647 939 
648 678 
649 984 
650 822 
651 866 
652 989 
653 939 
654 974 
655 888 
656 824 
657 935 634 
658 658 
659 935 
660 1000 
661 822 
662 634 
663 961 983 
664 939 
665 989 
666 989 
667 830 
668 668 
669 491 
670 956 
671 984 
672 879 
673 873 
674 956 
675 975 
676 1000 
677 824 
678 678 
679 935 491 
680 567 
681 954 
682 678 
683 974 
684 983 
685 954 
686 956 
687 974 
688 935 
689 966 
690 691 
691 691 
692 975 
693 916 
694 951 
695 975 
696 989 
697 961 
698 936 
699 989 
700 936 
701 975 
702 975 
703 865 
704 866 
705 756 
706 954 
707 956 
708 951 
709 973 
710 1000 
711 830 
712 935 
713 822 
714 966 
715 961 
716 956 
717 691 
718 865 
719 997 
720 956 
721 1000 
722 967 
723 961 
724 974 
725 899 
726 1000 
727 899 
728 879 
729 961 
730 967 
731 916 
732 973 
733 939 
734 984 
735 691 
736 936 
737 823 824 
738 951 
739 822 
740 898 
741 822 
742 984 
743 997 
744 983 951 
745 899 
746 967 
747 975 
748 951 967 
749 956 
750 997 
751 973 
752 752 
753 975 
754 865 956 
755 668 691 
756 756 
757 928 956 
758 983 
759 865 
760 961 
761 928 
762 966 
763 956 
764 975 
765 691 
766 865 
767 939 
768 830 
769 824 
770 756 
771 865 
772 824 
773 984 
774 898 
775 1000 
776 997 
777 491 
778 973 
779 830 
780 989 
781 939 
782 916 
783 830 
784 873 
785 984 
786 691 
787 1000 
788 873 668 
789 865 
790 961 
791 899 
792 997 
793 989 
794 678 
795 830 
796 951 
797 935 
798 873 
799 967 
800 973 
801 935 
802 1000 
803 966 
804 954 967 
805 936 954 
806 956 
807 935 
808 822 
809 989 
810 967 
811 939 
812 830 
813 983 
814 975 
815 939 
816 823 
817 974 
818 888 
819 975 974 
820 888 
821 939 
822 822 
823 823 
824 824 
825 956 
826 826 
827 830 
828 935 
829 939 
830 830 
831 898 
832 1000 
833 658 928 
834 956 
835 898 
836 997 
837 928 
838 936 984 
839 879 
840 824 
841 954 
842 873 824 
843 822 961 
844 989 
845 956 
846 888 997 
847 967 
848 916 
849 984 
850 961 
851 983 
852 826 
853 935 
854 916 
855 975 
856 935 866 
857 956 
858 973 
859 888 
860 866 
861 928 
862 935 
863 951 
864 989 
865 865 
866 866 
867 939 
868 866 
869 1000 
870 984 
871 898 
872 984 
873 873 
874 898 
875 899 
876 967 
877 752 956 
878 956 
879 879 
880 888 
881 954 
882 975 973 
883 975 
884 975 
885 989 
886 939 
887 658 928 
888 888 
889 939 928 
890 967 
891 1000 
892 954 
893 983 
894 935 
895 935 
896 956 
897 899 
898 898 
899 899 
900 928 
901 916 997 
902 899 989 
903 898 989 
904 879 974 
905 974 
906 989 936 
907 899 
908 989 
909 974 
910 1000 
911 928 961 
912 956 
913 491 824 
914 966 
915 973 
916 916 
917 916 
918 967 
919 983 
920 967 989 
921 961 
922 961 
923 975 
924 954 865 
925 973 
926 939 
927 983 
928 928 
929 956 
930 984 
931 936 
932 989 
933 939 
934 975 
935 935 
936 936 
937 956 
938 975 
939 939 
940 956 
941 973 
942 997 
943 974 
944 974 
945 997 
946 956 
947 974 
948 1000 
949 973 
950 873 939 
951 951 
952 989 966 
953 967 
954 954 
955 1000 
956 956 
957 983 
958 997 
959 939 
960 967 
961 961 
962 984 
963 961 939 
964 974 
965 989 
966 966 
967 967 
968 966 
969 973 
970 1000 
971 975 
972 974 
973 973 
974 974 
975 975 
976 898 961 
977 1000 
978 989 
979 983 
980 997 
981 984 
982 989 
983 983 
984 984 
985 951 956 
986 936 865 
987 997 
988 824 973 
989 989 
990 1000 
991 997 
992 984 
993 954 866 
994 997 
995 951 975 
996 997 
997 997 
998 997 
999 956 888 
1000 1000 
