1 1000 
2 952 
3 899 
4 922 
5 757 959 991 
6 772 
7 969 998 
8 931 
9 998 
10 959 
11 878 
12 841 609 
13 1000 
14 707 
15 964 
16 952 
17 899 
18 952 942 
19 968 
20 841 
21 969 
22 931 
23 707 
24 955 
25 922 
26 902 
27 949 
28 999 
29 914 868 990 
30 948 
31 994 
32 772 
33 969 
34 976 
35 342 
36 991 
37 984 
38 999 
39 998 
40 922 
41 998 
42 969 
43 952 
44 969 
45 959 
46 949 
47 1000 
48 935 
49 927 
50 949 
51 964 
52 959 991 
53 707 
54 841 
55 972 
56 952 
57 878 
58 984 
59 952 
60 952 964 
61 964 
62 976 
63 976 
64 931 
65 878 
66 976 
67 912 
68 887 984 967 
69 775 
70 972 
71 942 
72 914 
73 342 
74 1000 
75 949 948 
76 942 
77 998 
78 942 
79 955 
80 841 
81 609 
82 944 
83 984 
84 955 968 
85 980 
86 927 
87 972 
88 942 
89 990 
90 976 
91 976 
92 952 
93 959 
94 948 
95 931 
96 991 
97 935 
98 959 
99 959 
100 902 
101 976 
102 991 998 
103 998 
104 922 
105 980 
106 991 942 952 
107 972 
108 944 
109 841 
110 980 
111 968 
112 969 
113 1000 
114 902 
115 942 
116 955 
117 999 
118 949 
119 968 
120 752 
121 972 
122 967 
123 949 
124 922 990 
125 999 
126 772 
127 1000 
128 887 
129 964 
130 756 
131 955 
132 998 
133 935 
134 793 
135 969 
136 952 964 
137 984 
138 964 
139 775 
140 976 990 
141 969 
142 976 
143 1000 
144 878 964 
145 949 
146 984 
147 942 
148 752 
149 991 
150 972 
151 972 
152 841 
153 868 
154 944 
155 976 
156 959 
157 967 
158 927 
159 868 
160 955 
161 972 
162 980 
163 976 
164 976 
165 1000 
166 1000 
167 964 
168 942 
169 964 
170 999 
171 935 968 
172 964 
173 959 
174 952 
175 994 
176 952 
177 991 994 
178 912 
179 841 
180 999 968 
181 887 
182 868 999 
183 868 
184 980 
185 959 
186 999 
187 793 
188 952 
189 942 
190 969 
191 959 
192 1000 
193 967 
194 999 
195 967 
196 949 
197 1000 
198 1000 
199 756 
200 999 
201 964 
202 984 
203 976 
204 775 
205 959 
206 967 
207 824 
208 342 
209 999 
210 969 952 
211 999 
212 959 
213 952 
214 991 
215 948 
216 991 
217 959 
218 1000 
219 609 
220 964 
221 990 
222 969 
223 772 927 
224 942 
225 976 
226 952 
227 944 980 
228 868 968 
229 990 
230 757 
231 955 
232 964 
233 976 
234 654 
235 868 
236 959 
237 824 
238 949 
239 942 
240 998 
241 990 
242 824 
243 793 
244 931 
245 868 
246 654 
247 967 
248 793 
249 964 
250 935 
251 959 
252 955 
253 948 
254 984 
255 609 
256 984 
257 968 
258 969 
259 991 
260 654 
261 841 
262 756 
263 1000 
264 772 
265 967 
266 991 
267 990 
268 994 
269 991 
270 955 998 
271 967 
272 994 
273 935 
274 967 998 
275 952 
276 949 
277 998 
278 972 
279 991 
280 964 
281 793 
282 927 
283 899 
284 972 
285 931 
286 990 
287 1000 
288 990 
289 955 
290 756 980 
291 969 
292 868 
293 1000 
294 887 
295 955 
296 952 1000 
297 964 
298 984 
299 955 
300 914 
301 609 
302 914 
303 914 
304 999 
305 980 927 
306 967 
307 990 
308 775 
309 935 
310 998 793 
311 927 
312 964 967 
313 998 
314 994 
315 955 
316 887 
317 927 
318 899 
319 998 
320 967 
321 968 
322 984 
323 984 
324 757 
325 967 
326 984 
327 999 
328 824 
329 967 
330 976 
331 935 
332 752 
333 948 
334 955 
335 959 
336 899 
337 927 
338 948 
339 793 
340 902 
341 959 
342 342 
343 984 
344 944 
345 1000 
346 927 
347 991 
348 772 931 
349 968 
350 955 
351 955 
352 972 
353 969 
354 772 922 980 
355 990 
356 999 
357 955 
358 927 
359 927 
360 994 
361 984 
362 952 
363 968 
364 756 
365 976 
366 757 
367 931 
368 609 
369 949 
370 991 
371 868 
372 990 
373 775 
374 912 
375 912 935 991 
376 922 
377 972 
378 999 
379 707 
380 999 
381 902 
382 980 
383 967 
384 959 
385 991 
386 969 
387 887 
388 991 
389 976 
390 969 
391 998 
392 887 
393 868 
394 952 
395 899 
396 757 
397 793 
398 999 
399 991 
400 972 
401 931 
402 342 
403 949 
404 942 
405 944 
406 969 
407 959 
408 952 
409 991 
410 931 
411 914 
412 980 
413 609 
414 878 
415 342 998 
416 955 
417 899 
418 998 
419 969 
420 899 
421 998 
422 902 
423 955 
424 969 
425 878 
426 999 
427 927 
428 914 
429 752 
430 927 
431 949 
432 976 
433 964 
434 994 
435 1000 
436 999 
437 968 
438 980 
439 964 
440 707 
441 991 
442 944 955 
443 969 
444 972 
445 984 
446 955 
447 935 
448 931 
449 342 948 
450 969 
451 984 
452 952 
453 999 
454 912 
455 990 
456 944 
457 1000 
458 955 999 
459 948 
460 944 
461 991 
462 1000 
463 980 
464 868 
465 998 
466 948 
467 994 
468 994 
469 757 
470 967 
471 955 
472 841 
473 952 
474 984 
475 756 
476 991 
477 942 
478 757 
479 999 
480 899 
481 878 
482 942 
483 949 
484 976 
485 984 
486 757 
487 994 
488 952 
489 1000 
490 922 
491 984 
492 955 
493 1000 
494 955 
495 868 
496 969 
497 654 
498 942 
499 990 
500 990 
501 955 
502 967 
503 959 
504 969 976 
505 942 
506 952 
507 949 
508 775 
509 942 
510 912 
511 948 
512 868 
513 969 
514 994 
515 998 
516 942 
517 868 
518 976 
519 984 
520 914 
521 912 
522 707 
523 980 
524 772 
525 990 
526 969 
527 984 980 
528 967 1000 
529 991 899 994 
530 927 
531 841 
532 707 
533 1000 
534 994 
535 942 
536 914 
537 899 841 
538 967 
539 994 
540 775 
541 902 
542 980 
543 967 
544 967 
545 959 
546 952 
547 964 
548 949 999 
549 793 
550 994 
551 998 
552 772 
553 756 
554 999 
555 841 
556 942 
557 931 1000 
558 952 
559 868 
560 980 
561 944 
562 887 
563 609 
564 959 
565 912 
566 902 
567 948 
568 752 
569 984 
570 841 
571 968 
572 949 
573 969 
574 902 991 
575 999 
576 793 
577 887 
578 967 
579 824 
580 959 
581 976 
582 772 
583 757 
584 976 
585 969 
586 955 
587 984 976 972 
588 964 
589 902 
590 964 990 
591 955 
592 772 
593 999 
594 1000 
595 984 757 967 
596 964 927 
597 952 
598 922 
599 944 
600 878 824 994 
601 609 914 912 
602 793 
603 887 
604 984 922 994 
605 998 
606 935 
607 952 
608 935 
609 609 
610 967 
611 772 
612 922 
613 707 
614 955 
615 959 
616 984 
617 942 
618 969 
619 959 
620 967 914 998 
621 994 
622 772 
623 964 
624 922 
625 878 949 967 
626 967 
627 757 
628 999 
629 990 
630 887 
631 793 
632 990 
633 990 
634 964 
635 841 
636 991 
637 868 
638 948 
639 949 
640 955 
641 948 
642 912 
643 968 
644 942 
645 772 
646 841 
647 1000 
648 949 
649 980 
650 976 
651 952 
652 968 
653 976 
654 654 
655 976 1000 
656 968 
657 991 
658 968 914 927 
659 887 959 998 
660 899 
661 935 
662 914 
663 841 
664 752 
665 912 972 994 
666 990 
667 964 
668 899 
669 990 
670 935 
671 878 948 1000 
672 707 
673 969 
674 998 
675 942 
676 942 980 948 
677 976 
678 949 
679 949 
680 948 
681 952 
682 824 922 
683 942 
684 964 994 999 
685 942 
686 998 
687 899 
688 999 
689 868 
690 976 
691 990 
692 972 
693 999 
694 931 
695 927 
696 976 
697 949 
698 752 
699 931 
700 887 
701 942 
702 976 
703 969 
704 899 
705 969 
706 935 
707 707 
708 999 
709 824 998 
710 964 
711 964 
712 931 
713 959 
714 968 
715 969 
716 952 
717 935 
718 967 
719 927 
720 824 
721 878 
722 775 
723 912 
724 948 
725 994 
726 878 
727 980 
728 991 
729 991 944 
730 902 
731 824 
732 969 
733 927 
734 927 
735 878 931 967 
736 994 
737 968 
738 752 
739 998 
740 980 
741 990 
742 793 969 
743 952 
744 991 
745 964 
746 931 
747 1000 
748 967 
749 931 927 976 
750 984 
751 968 
752 752 
753 972 
754 998 
755 994 
756 756 
757 757 
758 948 
759 955 
760 968 
761 949 
762 976 
763 980 
764 976 
765 707 
766 994 
767 752 
768 969 
769 942 984 999 
770 1000 
771 998 
772 772 
773 991 
774 991 
775 775 
776 972 
777 948 
778 927 
779 942 
780 912 
781 980 
782 927 
783 752 
784 990 
785 868 
786 972 
787 976 654 
788 944 
789 887 
790 967 
791 949 914 927 
792 998 
793 793 
794 969 
795 991 
796 994 
797 927 
798 944 
799 952 
800 931 
801 912 
802 994 
803 841 
804 342 609 
805 942 
806 931 
807 984 927 976 
808 955 
809 972 990 
810 999 
811 968 
812 991 
813 959 
814 868 
815 944 
816 944 967 991 
817 927 
818 935 
819 931 
820 944 
821 969 967 998 
822 927 
823 944 
824 824 
825 972 
826 935 
827 952 
828 902 
829 949 980 1000 
830 887 
831 964 
832 942 
833 990 
834 967 
835 984 
836 914 
837 931 
838 952 
839 976 
840 991 
841 841 
842 990 
843 980 
844 984 
845 922 
846 955 931 999 
847 902 
848 984 999 935 
849 1000 
850 969 972 998 
851 955 998 999 
852 952 
853 952 
854 902 
855 990 
856 955 
857 998 
858 967 
859 757 
860 968 
861 999 
862 887 
863 984 
864 999 
865 756 984 
866 955 
867 972 
868 868 
869 942 
870 955 
871 991 
872 899 
873 967 
874 998 
875 991 
876 967 
877 942 
878 878 
879 964 
880 868 
881 999 
882 952 
883 868 
884 1000 
885 959 912 999 
886 922 942 967 
887 887 
888 990 
889 944 
890 927 976 1000 
891 967 
892 964 912 998 
893 998 
894 841 
895 976 
896 959 
897 912 
898 949 
899 899 
900 959 
901 959 
902 902 
903 964 
904 998 
905 914 967 999 
906 944 
907 980 
908 990 
909 902 
910 976 
911 991 
912 912 
913 964 
914 914 
915 976 
916 955 
917 976 
918 969 
919 976 
920 991 
921 948 
922 922 
923 927 
924 980 
925 944 
926 980 
927 927 
928 1000 
929 967 991 998 
930 959 
931 931 
932 964 
933 969 
934 967 
935 935 
936 994 
937 969 
938 959 
939 967 
940 959 
941 990 935 1000 
942 942 
943 968 994 967 991 
944 944 
945 948 
946 948 
947 868 
948 948 
949 949 
950 999 
951 969 967 968 
952 952 
953 944 
954 999 
955 955 
956 841 955 944 
957 967 
958 994 
959 959 
960 998 
961 998 
962 994 
963 927 
964 964 
965 998 
966 1000 
967 967 
968 968 999 
969 969 
970 1000 
971 994 
972 972 990 
973 927 
974 927 
975 964 990 927 
976 976 654 
977 1000 
978 969 
979 949 824 968 
980 980 
981 999 
982 967 998 
983 984 756 955 
984 984 
985 991 
986 841 969 980 
987 999 
988 990 
989 991 
990 990 
991 991 
992 955 
993 1000 868 990 968 
994 994 
995 931 955 991 
996 972 868 990 
997 998 
998 998 
999 999 
1000 1000 
