1 998 
2 1000 
3 973 
4 985 
5 1000 
6 973 
7 948 871 
8 932 
9 863 
10 983 
11 1000 
12 948 
13 904 
14 981 
15 1000 
16 951 
17 981 968 
18 956 
19 951 
20 973 
21 860 
22 999 
23 797 
24 958 
25 988 895 
26 930 
27 999 
28 932 
29 973 
30 735 
31 981 
32 964 
33 435 993 
34 841 
35 965 
36 951 
37 960 
38 983 
39 951 
40 778 970 
41 539 981 
42 985 
43 999 
44 730 
45 952 
46 983 
47 539 
48 708 
49 904 
50 775 
51 932 
52 965 
53 956 
54 985 
55 877 
56 797 
57 988 
58 983 
59 1000 
60 956 
61 932 
62 1000 
63 952 
64 895 
65 951 
66 834 
67 1000 
68 957 
69 775 
70 957 
71 951 
72 972 
73 841 
74 951 
75 973 
76 860 
77 730 993 
78 770 968 993 
79 960 
80 930 
81 877 
82 984 
83 1000 
84 984 
85 928 
86 708 
87 948 
88 951 
89 792 
90 952 998 
91 951 
92 904 
93 968 
94 872 
95 710 
96 958 
97 998 
98 860 435 
99 928 972 
100 710 
101 1000 
102 775 928 792 
103 981 
104 973 970 993 
105 841 
106 770 
107 435 
108 872 
109 775 
110 952 
111 972 
112 860 
113 710 
114 904 
115 860 
116 972 
117 998 
118 775 
119 787 
120 951 
121 968 
122 847 
123 928 
124 981 
125 904 
126 872 
127 792 
128 860 817 
129 787 
130 775 
131 973 
132 968 
133 972 
134 956 
135 904 
136 948 
137 948 
138 993 
139 809 
140 686 
141 984 
142 981 
143 981 993 
144 973 
145 973 
146 1000 
147 972 993 
148 965 
149 928 
150 770 871 981 
151 983 
152 972 
153 792 871 
154 999 973 930 
155 872 
156 981 
157 985 
158 930 
159 871 985 951 
160 770 
161 872 
162 847 
163 775 
164 871 710 
165 958 
166 970 
167 863 
168 435 
169 984 
170 965 
171 847 983 
172 871 
173 984 
174 981 
175 659 
176 999 
177 972 
178 730 
179 708 
180 883 
181 847 
182 999 
183 957 
184 659 
185 930 
186 930 
187 985 
188 930 
189 983 998 
190 964 
191 960 
192 817 
193 871 
194 970 
195 922 
196 708 
197 834 
198 872 
199 775 
200 972 
201 817 
202 968 
203 973 
204 981 
205 928 985 999 
206 952 965 
207 710 
208 1000 
209 770 922 951 
210 993 
211 903 
212 860 
213 988 
214 956 
215 435 
216 988 
217 877 
218 863 
219 952 
220 860 
221 960 
222 809 
223 511 
224 792 932 
225 958 
226 871 
227 998 
228 904 
229 951 
230 951 
231 957 
232 817 
233 951 
234 958 
235 984 
236 951 
237 984 
238 984 
239 922 
240 985 
241 964 
242 998 
243 708 968 
244 948 
245 841 
246 983 
247 904 
248 659 
249 871 
250 904 
251 817 
252 984 
253 928 
254 775 
255 847 
256 964 
257 958 
258 928 
259 691 
260 973 
261 735 
262 957 
263 973 
264 985 
265 999 
266 956 
267 981 
268 770 
269 973 792 532 
270 877 
271 981 
272 930 
273 877 
274 775 834 930 988 
275 998 
276 998 
277 952 
278 435 
279 792 
280 928 
281 817 
282 877 
283 958 
284 999 
285 787 
286 998 
287 981 
288 871 
289 964 
290 922 
291 984 
292 904 
293 775 
294 988 
295 951 
296 872 
297 883 
298 809 
299 787 
300 792 
301 797 
302 983 
303 770 
304 511 
305 999 
306 999 
307 957 
308 981 
309 999 
310 952 
311 775 
312 973 
313 863 
314 988 
315 817 981 948 
316 532 
317 904 993 1000 951 
318 511 
319 998 
320 1000 
321 775 
322 730 
323 964 
324 993 
325 993 
326 877 841 948 
327 863 792 968 993 
328 960 
329 964 
330 981 
331 960 
332 539 
333 809 988 
334 775 511 435 
335 932 
336 993 
337 957 
338 951 
339 435 
340 958 
341 993 
342 932 
343 928 
344 972 
345 985 
346 948 984 
347 922 904 957 960 
348 948 
349 708 
350 787 
351 686 
352 895 
353 968 
354 871 
355 792 
356 968 
357 984 
358 659 
359 871 
360 922 
361 877 
362 998 
363 775 
364 952 
365 983 
366 871 797 
367 871 
368 872 
369 928 
370 984 
371 988 
372 770 
373 957 
374 770 
375 948 871 
376 965 
377 435 
378 998 
379 958 
380 872 
381 993 
382 958 
383 970 
384 871 
385 1000 
386 948 
387 981 
388 983 
389 871 
390 841 
391 904 
392 999 
393 985 
394 883 
395 932 
396 948 
397 957 
398 775 956 
399 871 
400 993 
401 860 
402 948 
403 735 930 952 985 
404 993 
405 778 
406 932 
407 871 
408 928 
409 970 
410 973 
411 952 
412 871 659 797 
413 964 
414 960 
415 983 
416 691 
417 834 
418 708 
419 932 
420 775 
421 860 
422 895 
423 809 
424 999 
425 951 
426 932 
427 965 
428 775 
429 787 
430 928 
431 948 
432 999 
433 983 
434 948 
435 435 
436 871 
437 968 
438 834 
439 930 
440 988 
441 983 
442 993 
443 973 
444 985 
445 970 
446 834 
447 983 
448 686 
449 872 
450 984 
451 973 
452 998 
453 532 
454 871 
455 948 872 965 968 
456 883 
457 787 
458 903 
459 957 
460 999 957 984 
461 922 
462 871 
463 730 770 
464 792 
465 817 
466 860 
467 1000 
468 691 
469 973 
470 965 
471 532 
472 993 
473 965 
474 985 
475 904 
476 1000 
477 981 
478 972 
479 952 
480 983 
481 965 
482 998 
483 964 
484 951 
485 863 
486 956 
487 883 
488 983 
489 952 
490 841 
491 871 
492 958 
493 968 999 
494 958 
495 999 
496 708 
497 948 
498 903 
499 928 
500 970 
501 863 
502 972 
503 968 
504 998 
505 511 
506 775 871 960 
507 1000 983 951 988 999 
508 532 
509 956 
510 922 
511 511 
512 863 
513 883 
514 775 710 932 
515 998 
516 1000 
517 988 984 
518 691 
519 922 
520 1000 
521 981 
522 778 1000 960 999 
523 841 
524 922 
525 775 
526 981 
527 932 
528 928 
529 957 
530 999 
531 952 
532 532 
533 972 
534 883 
535 860 
536 841 
537 932 
538 904 
539 539 
540 964 
541 948 
542 983 
543 860 
544 539 
545 999 
546 775 
547 985 
548 877 
549 985 
550 863 
551 847 
552 993 
553 960 998 1000 
554 981 
555 951 
556 964 
557 817 
558 775 
559 970 
560 932 
561 932 
562 659 
563 958 
564 988 
565 871 
566 730 
567 964 
568 871 
569 735 
570 435 965 968 970 
571 985 
572 983 
573 993 
574 998 
575 958 
576 841 708 817 
577 710 
578 981 
579 847 
580 970 
581 932 
582 860 
583 871 
584 958 
585 988 
586 948 775 691 903 871 
587 708 
588 972 
589 809 841 960 968 
590 778 
591 817 
592 973 
593 998 
594 872 
595 958 
596 809 
597 860 
598 952 
599 981 
600 951 
601 999 
602 964 
603 922 
604 951 
605 778 972 877 983 
606 968 
607 981 
608 981 
609 951 
610 970 
611 988 
612 984 
613 951 
614 960 
615 860 
616 960 
617 958 871 948 895 952 
618 973 
619 847 
620 970 
621 965 
622 797 
623 972 
624 735 
625 965 
626 778 988 
627 972 
628 952 
629 988 
630 973 
631 956 
632 960 
633 948 
634 948 
635 964 
636 964 
637 951 
638 792 
639 973 
640 998 
641 983 
642 691 
643 775 
644 998 
645 922 
646 871 
647 834 
648 883 
649 968 
650 932 
651 972 
652 983 
653 981 
654 993 
655 984 
656 847 
657 972 
658 999 
659 659 
660 948 
661 871 
662 775 
663 983 539 948 951 1000 
664 952 
665 1000 
666 877 
667 981 
668 730 841 847 877 952 984 988 
669 770 
670 965 
671 797 
672 539 730 
673 904 957 960 951 984 988 
674 883 
675 985 
676 984 
677 985 
678 730 539 
679 792 
680 932 
681 860 
682 956 
683 952 
684 968 
685 964 
686 686 778 
687 775 
688 957 
689 775 
690 809 
691 691 
692 1000 
693 871 
694 895 
695 951 
696 958 951 
697 817 
698 983 
699 860 
700 972 957 
701 993 
702 960 
703 965 
704 871 
705 928 
706 930 
707 988 
708 708 
709 984 
710 710 
711 904 
712 860 
713 691 
714 985 
715 511 
716 964 
717 895 
718 903 
719 968 
720 928 
721 981 
722 904 
723 834 
724 841 
725 973 
726 809 
727 985 
728 956 
729 999 
730 730 
731 930 
732 1000 
733 871 
734 958 957 993 
735 735 
736 904 
737 928 
738 932 
739 930 
740 895 
741 903 
742 964 
743 928 
744 973 
745 956 
746 770 
747 903 
748 956 
749 435 
750 797 960 
751 981 956 
752 965 
753 872 
754 972 
755 922 
756 973 
757 984 
758 691 
759 860 
760 972 
761 797 710 
762 775 
763 903 
764 895 
765 968 
766 860 
767 809 
768 968 
769 871 983 988 993 
770 770 
771 951 
772 1000 
773 932 
774 948 958 
775 775 
776 952 
777 904 
778 778 988 686 
779 972 984 993 988 
780 985 
781 860 
782 970 
783 993 
784 968 
785 770 993 
786 792 
787 787 
788 999 
789 809 
790 928 
791 932 
792 792 
793 983 
794 956 
795 972 
796 952 
797 797 
798 847 
799 998 984 
800 871 
801 968 
802 968 
803 951 
804 988 
805 863 
806 948 
807 883 860 973 998 
808 817 
809 809 
810 981 
811 847 
812 952 
813 951 
814 930 
815 883 
816 770 
817 817 
818 970 
819 998 948 988 993 
820 928 
821 981 
822 988 
823 993 
824 957 
825 981 
826 903 
827 960 
828 973 958 985 988 998 
829 904 
830 932 
831 993 
832 872 
833 960 
834 834 
835 965 847 872 1000 
836 928 
837 981 
838 988 
839 932 
840 863 
841 841 
842 970 
843 928 
844 904 
845 970 
846 983 
847 847 
848 877 
849 834 
850 775 
851 904 
852 792 
853 797 792 928 903 948 951 
854 984 
855 983 
856 792 
857 809 
858 951 
859 1000 
860 860 
861 922 
862 792 
863 863 
864 922 
865 993 
866 952 
867 972 
868 817 957 988 985 1000 
869 998 
870 957 
871 871 
872 872 
873 860 
874 1000 
875 983 
876 903 
877 877 
878 956 
879 960 
880 904 
881 988 
882 964 
883 883 
884 998 
885 872 
886 972 
887 956 
888 904 
889 1000 
890 951 952 895 970 957 
891 787 964 973 951 985 993 
892 998 
893 691 778 948 956 872 983 
894 904 
895 895 
896 952 
897 972 
898 877 
899 922 
900 993 
901 960 
902 948 
903 956 903 
904 904 
905 895 
906 956 
907 973 
908 817 
909 951 
910 970 
911 985 
912 958 
913 983 
914 951 
915 863 
916 930 
917 775 948 691 984 981 1000 
918 973 
919 984 
920 983 
921 993 871 511 970 988 
922 922 
923 932 
924 932 
925 972 735 872 956 993 
926 932 
927 983 
928 928 
929 928 
930 930 
931 1000 
932 932 
933 981 
934 970 
935 930 
936 988 
937 895 904 
938 984 
939 993 
940 957 
941 952 
942 948 957 983 958 932 981 
943 970 
944 983 
945 985 
946 988 
947 951 
948 948 
949 984 
950 981 
951 951 
952 952 
953 951 
954 998 
955 1000 
956 956 
957 957 
958 958 
959 998 
960 960 
961 988 
962 511 999 993 972 998 1000 
963 988 
964 964 
965 965 993 970 
966 952 922 965 691 895 928 
967 984 532 841 983 895 951 
968 968 
969 985 
970 970 
971 951 
972 972 
973 973 
974 932 775 988 960 998 
975 981 
976 984 
977 981 
978 993 
979 871 659 998 973 988 930 970 
980 981 
981 981 
982 928 956 930 970 1000 993 
983 983 
984 984 
985 985 
986 985 
987 988 
988 988 
989 993 
990 1000 
991 993 
992 871 877 964 983 863 998 
993 993 
994 1000 981 
995 998 
996 872 965 960 883 904 1000 
997 951 
998 998 
999 999 1000 
1000 1000 
