1 883 
2 981 
3 493 
4 893 
5 968 
6 966 
7 863 
8 997 
9 981 
10 886 
11 991 
12 970 999 
13 440 
14 932 
15 999 
16 487 863 
17 571 
18 944 
19 756 1000 
20 914 
21 973 
22 886 976 
23 944 
24 932 
25 571 
26 976 
27 914 
28 966 
29 914 
30 863 980 982 
31 889 
32 663 
33 1000 
34 932 998 
35 663 
36 860 
37 979 
38 889 
39 892 
40 979 
41 892 
42 997 
43 991 
44 966 
45 861 
46 686 
47 911 
48 998 
49 968 
50 883 
51 911 
52 973 
53 999 
54 487 904 992 
55 666 886 734 
56 997 
57 756 
58 992 
59 928 936 
60 571 
61 982 
62 442 
63 936 
64 982 975 
65 889 
66 928 
67 970 
68 992 999 
69 970 997 998 
70 999 
71 932 
72 1000 
73 442 
74 982 
75 980 
76 914 
77 976 
78 992 
79 981 
80 975 
81 944 
82 982 
83 979 
84 723 
85 883 
86 936 
87 932 985 
88 860 
89 966 
90 936 
91 493 498 910 992 
92 992 
93 998 
94 493 
95 999 
96 493 
97 973 
98 932 633 
99 944 
100 999 
101 985 
102 886 
103 633 
104 936 
105 860 
106 980 
107 985 
108 493 
109 932 
110 981 
111 991 
112 893 
113 970 
114 970 
115 863 666 
116 734 
117 498 
118 723 
119 886 
120 729 
121 936 
122 975 
123 966 
124 777 
125 889 
126 723 
127 932 
128 910 
129 892 
130 992 
131 911 
132 997 
133 998 
134 928 
135 883 
136 892 
137 734 
138 886 
139 729 
140 686 
141 910 
142 998 
143 928 997 998 
144 993 
145 998 
146 993 
147 734 
148 981 
149 966 
150 666 
151 571 
152 999 
153 981 
154 633 
155 979 
156 982 
157 944 
158 584 980 
159 633 
160 968 
161 440 
162 975 
163 889 
164 999 
165 944 
166 993 
167 493 
168 910 
169 892 756 
170 976 
171 914 
172 936 
173 998 
174 998 
175 985 
176 932 
177 863 
178 892 756 975 980 
179 1000 
180 980 
181 985 
182 440 
183 976 
184 976 
185 982 
186 981 
187 1000 
188 889 
189 970 
190 487 979 
191 729 
192 886 
193 997 
194 944 985 
195 571 
196 928 
197 992 
198 666 
199 571 
200 981 
201 932 
202 968 
203 997 
204 863 734 992 
205 944 
206 883 487 863 
207 883 
208 999 
209 985 
210 889 
211 998 
212 999 
213 777 
214 975 
215 1000 
216 999 
217 979 
218 883 
219 992 
220 911 
221 991 
222 998 
223 1000 
224 979 
225 999 
226 982 936 
227 860 
228 991 
229 976 
230 440 
231 966 
232 1000 
233 633 
234 936 
235 932 
236 991 
237 861 
238 777 
239 973 
240 861 
241 936 
242 980 
243 936 
244 723 
245 981 
246 997 
247 981 
248 966 
249 998 
250 932 
251 777 
252 1000 
253 991 
254 571 
255 756 
256 910 
257 973 
258 883 
259 889 
260 777 
261 910 
262 493 
263 893 
264 663 
265 970 
266 440 
267 777 
268 966 
269 985 
270 976 
271 932 
272 928 
273 861 
274 944 
275 991 
276 993 
277 904 
278 992 
279 892 
280 979 
281 861 
282 910 
283 936 970 998 
284 980 
285 734 
286 777 
287 723 
288 911 
289 571 
290 863 
291 970 
292 914 
293 997 
294 976 
295 889 
296 498 
297 973 
298 998 
299 892 
300 985 
301 968 
302 975 
303 911 
304 982 
305 998 
306 973 
307 889 
308 584 
309 911 
310 982 979 487 
311 979 
312 889 
313 991 
314 1000 
315 979 
316 886 
317 863 
318 440 
319 892 
320 968 
321 584 
322 571 
323 985 
324 889 
325 997 
326 981 
327 970 
328 889 
329 932 
330 886 
331 991 
332 976 
333 998 
334 886 
335 997 
336 970 
337 1000 
338 936 
339 893 
340 991 
341 928 
342 734 
343 932 
344 973 
345 487 
346 997 
347 910 
348 970 
349 756 976 
350 976 973 1000 
351 911 
352 493 970 982 
353 442 
354 992 
355 976 
356 487 
357 863 
358 998 
359 979 883 
360 966 
361 992 
362 944 
363 914 
364 440 
365 980 
366 979 
367 999 
368 904 
369 892 
370 914 
371 999 
372 973 
373 932 
374 860 
375 892 
376 729 
377 999 
378 571 979 
379 889 
380 997 
381 723 
382 992 
383 493 584 1000 910 
384 892 
385 976 
386 966 
387 997 
388 999 
389 975 
390 910 
391 571 
392 991 
393 970 
394 981 
395 904 982 1000 
396 999 
397 686 
398 973 
399 981 
400 979 
401 883 
402 863 
403 932 
404 487 
405 973 
406 982 
407 889 
408 976 
409 982 
410 892 970 982 
411 998 
412 893 
413 911 
414 914 
415 889 
416 932 
417 966 
418 932 
419 976 
420 633 
421 998 
422 777 
423 734 
424 442 
425 966 
426 886 
427 970 
428 998 
429 1000 
430 992 
431 928 
432 914 
433 729 
434 910 
435 861 
436 981 911 992 
437 975 
438 985 
439 944 
440 440 
441 975 
442 442 
443 666 
444 892 
445 911 992 
446 663 
447 1000 
448 973 
449 756 
450 498 
451 911 
452 493 
453 979 
454 904 
455 982 
456 991 
457 886 
458 992 
459 863 
460 936 
461 893 
462 734 
463 886 
464 968 
465 863 
466 998 
467 911 
468 968 
469 999 
470 979 
471 928 
472 904 
473 498 
474 487 
475 910 
476 975 
477 914 
478 979 
479 968 
480 985 
481 968 
482 997 
483 883 
484 999 
485 991 
486 756 
487 487 
488 944 
489 966 
490 979 
491 970 
492 633 
493 493 
494 861 
495 944 
496 997 
497 998 
498 498 
499 979 
500 973 
501 584 
502 985 
503 966 998 
504 892 
505 992 981 
506 932 
507 777 
508 975 
509 975 
510 861 
511 944 
512 976 
513 944 
514 992 
515 729 
516 973 
517 966 
518 584 
519 991 
520 980 
521 498 
522 861 999 
523 886 
524 498 
525 997 
526 932 
527 892 
528 966 
529 999 970 
530 970 
531 944 
532 982 970 
533 985 
534 723 
535 863 
536 729 
537 860 
538 893 
539 893 932 
540 992 
541 979 
542 982 
543 1000 
544 1000 
545 863 
546 729 
547 911 
548 992 
549 883 
550 981 
551 991 
552 723 
553 729 
554 936 
555 883 
556 973 
557 968 
558 944 
559 966 
560 911 
561 893 
562 756 
563 889 
564 973 
565 979 
566 999 
567 883 
568 892 
569 979 
570 892 
571 571 
572 966 992 979 
573 440 
574 980 
575 571 
576 981 
577 991 
578 889 
579 860 
580 440 
581 723 932 
582 729 
583 666 
584 584 
585 663 
586 976 
587 729 975 
588 991 
589 666 985 
590 756 
591 979 
592 886 
593 734 
594 914 
595 991 
596 976 
597 982 
598 886 
599 729 
600 999 
601 973 
602 863 
603 966 
604 981 
605 980 
606 861 
607 928 
608 997 
609 970 
610 883 
611 968 
612 970 
613 863 999 
614 1000 
615 985 
616 997 
617 968 
618 889 
619 999 
620 663 
621 944 
622 893 
623 992 
624 980 
625 944 
626 932 979 886 
627 998 
628 863 
629 910 
630 911 
631 980 
632 968 
633 633 
634 980 
635 863 
636 966 
637 992 
638 663 
639 892 
640 985 
641 999 
642 777 
643 571 
644 982 999 966 
645 666 
646 892 
647 861 
648 992 
649 883 
650 729 
651 729 
652 910 
653 928 
654 979 982 998 
655 991 
656 973 
657 975 
658 997 
659 893 975 991 
660 991 
661 860 
662 991 
663 663 
664 992 
665 686 
666 666 
667 966 970 1000 
668 981 985 976 998 
669 493 944 985 
670 932 
671 980 
672 992 
673 991 
674 997 
675 886 
676 985 
677 932 
678 985 
679 968 
680 998 
681 976 
682 973 
683 997 
684 914 
685 981 
686 686 
687 997 
688 982 
689 985 
690 997 
691 944 
692 991 
693 985 
694 932 
695 979 
696 980 
697 997 
698 892 
699 999 
700 982 
701 1000 
702 999 
703 979 
704 892 
705 729 
706 981 
707 893 
708 966 
709 985 
710 981 
711 863 
712 968 
713 944 
714 975 
715 886 663 992 968 979 
716 991 
717 982 
718 892 
719 729 
720 756 
721 980 
722 914 
723 723 
724 985 
725 889 
726 936 
727 863 
728 904 
729 729 
730 886 
731 487 
732 911 
733 914 
734 734 
735 493 734 991 
736 966 487 976 997 
737 979 
738 1000 
739 975 
740 904 
741 886 992 729 979 975 
742 910 
743 992 
744 982 883 992 980 
745 998 
746 911 
747 975 
748 992 
749 991 
750 980 
751 932 
752 914 
753 734 
754 998 
755 863 
756 756 
757 976 
758 997 
759 932 
760 932 911 863 904 1000 
761 981 892 980 1000 
762 980 
763 968 
764 1000 
765 911 
766 979 
767 944 
768 992 
769 861 
770 893 
771 932 
772 863 
773 981 
774 991 
775 584 979 928 860 
776 975 
777 777 
778 1000 
779 904 
780 904 
781 992 
782 886 
783 777 
784 980 
785 979 
786 982 
787 999 
788 928 
789 991 
790 966 932 
791 928 
792 968 
793 686 914 936 976 997 
794 980 
795 999 
796 932 
797 966 
798 861 
799 980 
800 860 
801 892 
802 982 
803 985 
804 860 
805 861 982 991 
806 932 
807 982 
808 976 
809 914 
810 756 734 985 976 
811 992 
812 968 
813 997 
814 997 
815 980 
816 860 999 904 
817 982 
818 442 944 981 970 
819 998 
820 1000 
821 992 
822 997 
823 997 
824 928 
825 928 
826 992 
827 1000 
828 992 
829 1000 
830 777 
831 998 
832 968 
833 999 
834 723 910 975 998 
835 999 
836 886 
837 985 
838 992 
839 666 904 991 1000 
840 999 
841 944 
842 932 
843 756 
844 980 
845 970 
846 911 
847 999 
848 992 
849 889 
850 976 
851 928 
852 889 
853 932 
854 863 
855 861 932 981 936 980 
856 863 
857 991 
858 998 
859 487 666 985 998 975 
860 860 
861 861 
862 973 
863 863 
864 980 
865 968 
866 666 981 982 976 999 
867 928 
868 756 
869 928 
870 886 
871 932 
872 985 
873 663 998 975 991 997 
874 985 
875 861 
876 734 
877 997 
878 932 
879 904 
880 981 
881 889 
882 981 
883 883 
884 970 
885 999 
886 886 
887 982 
888 975 
889 889 
890 911 
891 966 999 911 975 
892 892 
893 893 
894 966 
895 914 
896 889 
897 944 
898 911 
899 729 
900 985 
901 904 
902 734 
903 892 
904 904 
905 1000 
906 1000 
907 985 
908 734 
909 975 
910 910 
911 911 
912 663 863 584 966 928 
913 998 
914 914 
915 970 
916 1000 
917 992 
918 976 
919 985 
920 982 
921 910 
922 729 
923 966 982 904 980 975 
924 973 
925 975 
926 985 
927 944 
928 928 
929 936 
930 980 
931 992 777 889 982 914 
932 932 
933 991 
934 936 
935 932 980 686 981 893 
936 936 
937 973 
938 979 966 860 975 
939 970 
940 991 
941 973 
942 1000 
943 970 
944 944 
945 999 
946 981 
947 970 
948 980 
949 975 
950 970 
951 968 
952 633 932 860 982 970 
953 979 
954 932 999 992 944 981 
955 999 
956 993 487 998 980 985 
957 993 886 976 932 998 
958 999 
959 991 
960 991 
961 966 
962 979 
963 886 487 861 992 979 
964 1000 
965 975 
966 966 
967 976 
968 968 
969 571 584 910 892 982 
970 970 
971 985 
972 991 
973 973 
974 970 
975 975 
976 976 
977 980 
978 571 998 889 966 997 
979 979 
980 980 
981 981 
982 982 
983 936 886 976 944 980 
984 979 633 777 973 928 
985 985 
986 998 928 973 979 970 
987 991 
988 686 982 936 893 970 
989 997 
990 997 
991 991 
992 992 
993 442 992 993 911 
994 1000 
995 998 
996 1000 
997 997 
998 998 
999 999 
1000 1000 
