1 944 
2 957 
3 947 
4 773 
5 932 974 1000 
6 511 
7 947 
8 974 
9 905 
10 957 
11 982 
12 634 
13 926 
14 926 
15 932 
16 797 840 540 885 977 990 
17 723 948 956 999 
18 957 
19 723 468 525 930 
20 969 
21 515 
22 634 
23 364 
24 1000 
25 944 
26 511 
27 699 
28 949 
29 992 
30 569 
31 840 
32 809 
33 1000 
34 977 
35 599 
36 815 
37 599 
38 845 974 995 
39 599 
40 699 496 
41 970 
42 709 
43 468 
44 974 
45 960 
46 796 935 960 
47 496 
48 935 
49 828 
50 924 
51 852 
52 956 
53 828 
54 797 
55 845 
56 969 921 
57 998 
58 998 
59 796 
60 634 
61 926 
62 441 
63 982 
64 977 
65 998 
66 585 
67 944 
68 709 947 
69 999 
70 585 
71 254 
72 948 
73 932 
74 977 
75 719 
76 828 
77 540 
78 641 
79 471 995 
80 752 
81 926 
82 995 
83 585 
84 982 
85 845 
86 858 
87 930 
88 990 
89 990 
90 858 
91 747 
92 998 
93 992 
94 932 
95 947 
96 999 
97 999 
98 937 
99 723 525 
100 525 
101 796 
102 747 
103 571 
104 747 
105 811 
106 747 915 
107 1000 
108 960 
109 718 
110 858 
111 926 
112 569 
113 982 
114 525 
115 947 
116 944 
117 641 
118 654 
119 656 924 797 
120 1000 
121 815 
122 956 
123 441 
124 964 641 
125 540 935 944 
126 926 
127 930 
128 254 
129 858 977 
130 924 
131 709 
132 992 
133 905 
134 982 
135 915 
136 656 815 
137 723 496 970 
138 585 
139 719 
140 999 
141 540 
142 992 
143 956 
144 940 970 982 
145 752 
146 990 
147 948 
148 709 
149 956 
150 977 
151 719 
152 840 
153 540 
154 515 947 956 
155 990 
156 949 
157 995 
158 752 
159 809 
160 924 
161 998 
162 569 
163 797 
164 585 
165 811 
166 845 
167 914 
168 468 
169 960 
170 969 
171 840 
172 999 
173 719 
174 982 
175 930 
176 719 
177 796 
178 932 
179 974 
180 940 
181 944 
182 974 
183 957 
184 930 
185 723 
186 471 
187 747 654 990 
188 1000 
189 960 515 858 
190 752 
191 496 974 
192 511 
193 926 
194 511 
195 828 
196 935 
197 718 
198 949 
199 723 
200 995 
201 915 
202 254 
203 796 
204 496 
205 809 
206 914 
207 969 
208 752 
209 937 
210 852 
211 921 
212 960 
213 540 
214 641 
215 924 
216 960 
217 970 
218 797 
219 982 
220 914 
221 990 
222 944 
223 571 
224 815 
225 845 
226 999 
227 944 
228 1000 
229 998 
230 254 
231 992 
232 511 
233 654 
234 845 
235 935 
236 998 
237 944 
238 948 
239 926 
240 571 932 797 
241 982 
242 949 
243 992 
244 990 
245 995 
246 977 
247 656 
248 937 
249 930 
250 949 
251 511 
252 921 723 935 
253 932 
254 254 
255 982 656 905 
256 926 
257 992 
258 718 
259 940 
260 885 
261 858 
262 885 
263 845 
264 709 940 949 
265 468 
266 982 
267 634 
268 949 
269 977 
270 845 
271 1000 
272 956 
273 999 
274 956 
275 949 
276 719 
277 964 
278 441 
279 773 
280 940 
281 998 
282 569 
283 723 
284 990 
285 585 
286 960 
287 969 
288 977 
289 932 
290 964 
291 364 
292 921 
293 992 
294 914 
295 599 
296 990 
297 957 
298 921 
299 969 
300 948 
301 949 
302 926 
303 995 
304 949 
305 949 
306 944 998 930 
307 949 
308 656 
309 995 
310 977 
311 828 
312 969 254 935 957 
313 960 
314 719 
315 974 
316 845 948 
317 809 
318 815 
319 515 699 990 
320 990 
321 992 
322 858 
323 752 
324 718 
325 641 
326 957 
327 932 
328 940 
329 718 656 773 944 
330 937 
331 990 
332 960 
333 797 
334 957 
335 990 
336 998 
337 905 
338 998 
339 773 947 998 999 
340 982 
341 924 
342 254 
343 254 
344 525 
345 599 935 930 
346 515 
347 960 
348 699 
349 944 
350 970 
351 441 
352 944 
353 956 
354 924 
355 525 
356 254 
357 974 
358 944 
359 947 
360 924 
361 999 
362 1000 
363 932 
364 364 
365 977 
366 723 982 
367 723 
368 815 
369 957 
370 921 
371 932 
372 970 
373 948 
374 796 947 974 
375 926 
376 970 
377 852 
378 969 
379 940 
380 930 
381 926 773 254 957 
382 957 
383 809 
384 718 
385 956 
386 944 
387 905 
388 1000 
389 585 
390 977 
391 932 
392 828 
393 999 
394 999 
395 947 
396 944 
397 1000 
398 930 
399 858 634 815 935 930 
400 982 
401 948 
402 982 
403 969 
404 947 
405 845 
406 914 
407 990 
408 656 926 944 982 
409 940 
410 969 
411 840 
412 926 
413 999 
414 718 
415 719 797 921 
416 852 
417 982 
418 932 
419 970 
420 468 
421 1000 
422 995 
423 719 
424 960 
425 947 
426 815 
427 914 
428 845 
429 990 
430 949 
431 937 
432 654 
433 964 471 940 
434 828 
435 970 982 
436 992 
437 998 
438 937 
439 956 
440 992 
441 441 
442 926 
443 992 
444 796 
445 858 
446 1000 
447 960 
448 845 
449 921 
450 990 
451 815 
452 990 
453 914 
454 995 
455 852 
456 709 
457 641 
458 752 
459 937 
460 540 
461 852 
462 935 
463 699 949 998 
464 990 773 940 
465 957 
466 718 
467 930 
468 468 
469 511 
470 995 
471 940 
472 571 1000 
473 709 
474 990 
475 960 
476 511 
477 982 
478 960 
479 924 
480 718 
481 921 
482 654 
483 828 926 947 957 998 
484 571 
485 915 
486 905 
487 992 
488 747 
489 926 
490 995 
491 921 
492 641 
493 974 
494 930 
495 999 
496 496 
497 921 
498 914 
499 811 
500 992 
501 969 
502 995 
503 747 
504 957 
505 915 
506 956 
507 970 
508 845 
509 924 
510 969 
511 511 
512 926 
513 905 
514 840 
515 515 
516 858 
517 852 
518 970 569 797 840 905 949 
519 885 
520 937 
521 948 
522 992 
523 569 
524 969 
525 525 
526 796 885 914 
527 992 
528 999 
529 845 811 
530 948 
531 969 
532 949 
533 840 
534 937 
535 796 
536 990 
537 977 
538 977 
539 921 
540 540 
541 940 
542 957 
543 654 
544 845 515 995 
545 960 
546 905 
547 974 
548 511 
549 525 
550 511 364 515 
551 796 
552 970 
553 634 
554 811 
555 932 
556 914 
557 885 
558 511 
559 718 
560 957 
561 937 
562 956 
563 944 
564 930 
565 924 699 525 937 947 
566 960 
567 930 
568 811 
569 569 
570 949 
571 571 
572 992 
573 969 
574 599 
575 569 
576 970 
577 571 924 914 998 
578 773 
579 960 
580 956 
581 840 
582 840 718 569 982 
583 999 
584 935 
585 585 
586 569 
587 992 
588 809 915 921 935 970 992 
589 948 
590 999 
591 599 
592 699 
593 885 
594 969 
595 949 
596 885 
597 852 
598 990 
599 599 
600 1000 
601 840 
602 699 
603 845 
604 977 
605 540 
606 921 
607 654 
608 930 
609 468 
610 885 
611 364 990 
612 921 
613 977 
614 926 
615 585 
616 511 
617 656 699 569 797 
618 718 
619 828 
620 948 
621 718 926 540 974 
622 809 
623 845 
624 656 
625 970 
626 773 
627 998 
628 915 
629 364 569 960 947 998 
630 828 
631 970 
632 921 
633 852 
634 634 
635 998 
636 995 
637 935 
638 858 
639 990 
640 990 
641 641 
642 932 
643 969 
644 924 
645 995 
646 471 845 947 998 
647 254 
648 915 
649 969 
650 974 
651 718 
652 921 
653 948 
654 654 
655 634 
656 656 
657 992 
658 957 
659 992 
660 809 
661 970 
662 982 
663 719 
664 935 
665 641 
666 926 
667 511 
668 1000 
669 969 
670 998 
671 970 
672 858 
673 719 
674 992 
675 947 511 515 974 845 
676 969 
677 915 
678 960 
679 937 
680 718 932 
681 915 
682 957 
683 924 
684 992 
685 998 
686 995 
687 809 
688 935 
689 525 
690 957 
691 995 
692 992 
693 990 
694 828 
695 957 
696 999 
697 930 
698 858 
699 699 
700 723 
701 468 
702 599 
703 914 
704 511 
705 885 
706 515 
707 932 
708 998 914 999 
709 709 
710 957 
711 915 
712 932 1000 
713 845 
714 977 
715 852 
716 905 
717 940 
718 718 
719 719 
720 948 
721 654 
722 944 
723 723 
724 970 
725 974 
726 944 
727 995 
728 948 
729 957 
730 926 
731 995 
732 924 
733 540 
734 930 
735 999 
736 852 
737 924 
738 992 
739 947 
740 699 
741 949 
742 944 796 
743 990 998 
744 752 
745 930 
746 926 
747 747 
748 932 
749 858 
750 956 
751 949 
752 752 
753 718 
754 915 
755 998 
756 585 
757 441 845 515 773 809 828 
758 924 1000 
759 796 
760 840 
761 840 
762 940 
763 960 
764 796 
765 852 
766 525 
767 905 
768 496 940 998 
769 957 
770 948 
771 914 
772 811 
773 773 
774 511 
775 956 
776 969 
777 957 
778 569 
779 924 940 957 1000 
780 926 
781 960 
782 1000 
783 1000 
784 719 999 998 
785 468 
786 956 
787 709 
788 811 
789 654 
790 828 719 977 1000 
791 932 
792 944 
793 845 
794 937 
795 990 
796 796 
797 797 
798 935 
799 809 
800 914 
801 926 
802 811 
803 797 926 915 
804 969 
805 525 
806 921 
807 525 
808 982 
809 809 
810 845 254 709 944 
811 811 
812 974 
813 1000 
814 905 
815 815 
816 932 
817 937 
818 956 
819 719 571 957 924 
820 254 
821 935 
822 905 
823 995 
824 852 
825 937 
826 992 
827 998 
828 828 
829 969 
830 969 
831 937 
832 957 
833 852 
834 915 
835 924 
836 932 
837 977 
838 915 
839 977 
840 840 
841 915 
842 905 
843 540 
844 845 719 960 935 915 885 937 948 
845 845 
846 858 
847 948 
848 905 
849 969 
850 998 
851 815 718 960 999 995 998 
852 852 
853 998 
854 914 
855 957 
856 999 
857 885 
858 858 
859 540 
860 995 
861 914 
862 969 
863 960 
864 914 
865 924 
866 1000 
867 815 654 540 960 974 1000 995 
868 974 
869 999 
870 969 
871 796 
872 809 
873 970 
874 969 
875 947 
876 992 
877 921 
878 845 
879 496 974 
880 932 
881 937 
882 960 
883 885 
884 932 
885 885 
886 977 
887 599 947 940 921 930 960 974 
888 944 634 924 937 970 914 
889 957 998 
890 940 
891 947 
892 995 
893 1000 
894 992 
895 1000 
896 926 
897 974 
898 858 
899 969 
900 998 
901 957 
902 970 
903 921 
904 937 
905 905 
906 998 
907 974 
908 970 
909 932 
910 995 
911 992 
912 254 599 957 969 885 
913 948 
914 914 
915 915 
916 977 
917 970 
918 960 
919 977 
920 752 914 858 947 990 
921 921 
922 990 
923 977 
924 924 
925 995 
926 926 
927 932 
928 914 
929 1000 
930 930 
931 999 
932 932 
933 1000 
934 937 992 709 773 956 885 974 982 
935 935 
936 990 
937 937 
938 990 
939 960 
940 940 969 
941 969 
942 990 
943 948 
944 944 
945 990 
946 995 
947 947 
948 948 
949 949 
950 840 970 845 932 948 982 995 
951 982 
952 930 
953 944 970 525 935 999 990 
954 496 641 718 926 947 974 977 
955 982 
956 956 
957 957 
958 995 
959 995 
960 960 
961 932 914 970 977 990 998 
962 990 
963 999 
964 364 937 940 921 969 990 
965 995 
966 957 
967 999 
968 990 
969 969 
970 970 
971 995 585 641 944 930 940 932 
972 974 
973 815 845 718 969 992 960 999 998 
974 974 
975 982 
976 999 
977 977 
978 977 
979 995 
980 796 569 949 947 654 937 960 998 
981 990 
982 982 
983 1000 
984 1000 
985 995 
986 998 
987 441 752 840 949 1000 699 982 905 
988 926 747 885 809 937 982 999 
989 990 
990 990 
991 254 641 930 957 845 569 935 977 
992 992 
993 926 496 845 773 970 511 809 995 
994 998 
995 995 
996 571 845 940 718 885 699 948 995 
997 998 
998 998 
999 998 999 
1000 1000 
