1 846 
2 748 
3 944 
4 980 
5 982 
6 908 
7 908 
8 969 
9 950 
10 977 
11 748 
12 989 
13 983 
14 640 
15 721 
16 930 
17 786 
18 779 
19 868 
20 721 
21 830 
22 980 
23 543 612 
24 998 
25 969 
26 989 
27 975 
28 944 
29 998 
30 779 
31 993 
32 748 988 
33 982 
34 980 
35 936 
36 950 
37 940 
38 950 
39 775 900 
40 930 
41 983 
42 908 
43 936 988 
44 989 
45 941 
46 640 
47 930 
48 908 
49 977 
50 630 
51 630 
52 988 997 
53 944 
54 846 
55 930 
56 950 
57 543 
58 293 668 982 
59 875 
60 983 
61 983 
62 983 
63 980 
64 538 
65 954 
66 762 
67 950 
68 724 987 
69 994 
70 989 
71 980 
72 710 
73 868 
74 612 
75 998 
76 994 
77 975 
78 286 
79 975 
80 930 
81 923 
82 983 
83 923 
84 987 
85 612 
86 987 
87 612 
88 930 
89 640 
90 286 
91 988 
92 987 
93 969 
94 846 
95 980 
96 762 
97 884 
98 936 
99 988 
100 993 
101 969 
102 998 
103 762 
104 954 
105 950 
106 710 
107 950 
108 748 
109 994 
110 993 
111 775 
112 998 
113 775 
114 830 
115 975 
116 286 
117 982 
118 779 
119 997 
120 998 
121 936 
122 950 
123 293 
124 786 
125 907 
126 950 
127 954 
128 775 
129 997 
130 668 
131 944 
132 987 
133 907 
134 668 
135 988 
136 954 
137 612 
138 997 941 
139 936 
140 982 
141 762 
142 846 
143 993 
144 993 
145 975 
146 994 
147 950 
148 779 
149 969 
150 907 
151 987 
152 930 
153 775 
154 944 
155 993 
156 936 
157 980 
158 950 
159 987 
160 993 
161 977 
162 994 
163 612 
164 944 
165 941 
166 994 
167 969 
168 538 
169 923 
170 954 
171 748 
172 293 
173 975 
174 940 
175 293 868 
176 779 
177 941 
178 988 
179 923 
180 980 
181 293 
182 998 
183 630 
184 980 
185 980 
186 982 724 
187 721 
188 997 
189 988 
190 987 
191 884 
192 875 
193 987 
194 987 
195 969 
196 989 
197 988 
198 997 
199 993 
200 983 
201 987 
202 846 
203 988 
204 975 543 
205 875 
206 538 
207 668 
208 884 
209 501 
210 998 
211 923 
212 830 
213 745 
214 975 
215 998 
216 994 
217 923 
218 989 
219 998 
220 975 
221 983 
222 293 940 
223 983 
224 861 
225 989 
226 908 
227 668 
228 293 
229 861 868 
230 993 
231 286 
232 975 
233 779 
234 668 
235 710 
236 936 
237 900 
238 950 
239 830 
240 941 
241 988 
242 710 
243 987 
244 908 
245 988 
246 538 
247 668 
248 612 
249 977 
250 762 
251 980 
252 982 
253 954 
254 923 
255 954 
256 538 
257 989 
258 975 
259 884 
260 969 
261 875 
262 775 
263 954 
264 775 
265 954 
266 989 
267 998 
268 786 
269 944 
270 936 
271 944 
272 977 
273 501 
274 977 
275 998 
276 668 
277 900 
278 923 
279 907 
280 987 
281 954 980 994 
282 748 
283 293 
284 989 
285 950 
286 286 
287 950 
288 940 
289 994 
290 930 
291 936 
292 994 
293 293 
294 940 
295 293 
296 861 
297 998 
298 997 
299 861 
300 980 
301 950 
302 994 
303 875 
304 998 
305 997 
306 846 
307 989 
308 630 998 
309 998 
310 923 
311 997 
312 748 
313 969 
314 941 
315 923 
316 923 
317 846 
318 930 
319 982 
320 975 
321 668 
322 944 
323 630 
324 501 
325 969 
326 710 977 993 988 
327 969 
328 969 
329 721 
330 982 
331 977 
332 987 
333 987 
334 988 
335 998 
336 944 
337 997 
338 954 
339 997 
340 988 
341 908 
342 538 
343 944 
344 988 
345 994 
346 977 
347 983 
348 830 
349 748 
350 988 
351 940 
352 989 
353 612 
354 941 
355 975 
356 987 
357 980 
358 954 
359 286 983 
360 997 
361 900 
362 762 861 930 
363 640 
364 988 
365 923 
366 861 
367 975 
368 983 
369 994 
370 950 
371 286 
372 501 
373 936 
374 997 
375 293 
376 786 
377 668 908 940 
378 998 
379 954 
380 989 
381 941 
382 630 
383 640 
384 980 
385 775 
386 975 
387 830 
388 969 
389 930 
390 977 
391 994 
392 988 
393 786 
394 779 
395 983 
396 994 
397 630 
398 989 
399 762 
400 975 
401 748 
402 846 
403 668 
404 989 
405 286 
406 993 
407 936 
408 668 
409 861 
410 640 
411 907 
412 977 
413 941 
414 997 
415 900 
416 868 
417 861 
418 868 
419 950 
420 775 
421 994 
422 994 
423 982 
424 989 
425 983 
426 930 
427 983 994 
428 987 
429 779 
430 875 994 
431 779 
432 900 
433 975 
434 940 
435 993 
436 668 
437 762 
438 980 
439 989 
440 923 
441 936 
442 994 
443 987 
444 846 
445 779 
446 975 
447 944 
448 997 
449 988 
450 936 
451 987 
452 989 
453 501 
454 907 
455 779 
456 846 
457 989 
458 875 
459 998 
460 989 
461 988 
462 907 
463 998 
464 748 
465 775 
466 950 
467 975 
468 989 940 
469 993 
470 640 
471 944 
472 640 
473 982 
474 884 
475 982 
476 994 
477 936 
478 668 501 997 
479 997 
480 907 
481 941 
482 745 
483 786 
484 950 
485 900 
486 936 
487 977 
488 868 980 
489 987 
490 983 
491 907 
492 868 
493 710 
494 944 
495 907 543 861 
496 993 
497 779 
498 721 936 988 
499 900 
500 900 
501 501 
502 941 
503 950 
504 875 
505 875 987 
506 908 
507 987 993 
508 930 
509 710 
510 969 
511 668 900 
512 940 
513 861 
514 612 
515 998 
516 977 
517 668 
518 538 
519 786 
520 762 
521 907 
522 875 830 987 
523 993 
524 908 940 
525 501 
526 745 
527 936 
528 983 
529 875 
530 884 
531 762 
532 997 
533 907 
534 941 
535 994 
536 977 
537 997 
538 538 
539 786 
540 989 
541 977 
542 983 
543 543 
544 762 900 
545 640 
546 884 
547 988 
548 982 
549 724 
550 543 
551 983 
552 993 
553 612 
554 998 
555 745 
556 969 
557 975 
558 940 
559 982 
560 983 
561 983 
562 998 
563 997 
564 779 
565 900 
566 987 
567 721 
568 997 
569 908 630 982 
570 954 
571 875 
572 941 
573 861 
574 907 
575 868 875 989 
576 721 
577 988 
578 936 
579 923 
580 779 
581 762 
582 900 940 954 
583 954 
584 745 
585 724 
586 954 
587 907 
588 612 
589 900 980 997 
590 941 
591 762 
592 994 
593 980 
594 721 
595 969 
596 936 
597 930 
598 930 
599 775 
600 941 
601 941 
602 982 
603 993 
604 941 
605 710 
606 944 
607 997 
608 930 
609 923 977 993 
610 543 
611 907 
612 612 
613 997 
614 830 
615 944 
616 779 
617 987 
618 998 
619 501 
620 900 
621 994 
622 988 
623 983 
624 987 
625 988 
626 994 
627 907 
628 980 
629 988 
630 630 
631 988 987 993 
632 900 
633 900 
634 724 
635 994 
636 501 
637 989 
638 930 
639 980 
640 640 
641 993 
642 779 
643 668 
644 786 
645 997 
646 900 
647 538 930 954 998 
648 987 
649 775 
650 944 
651 983 
652 989 
653 940 
654 286 786 710 980 
655 775 
656 993 998 997 
657 987 
658 975 
659 982 
660 980 
661 987 950 997 
662 930 
663 944 
664 745 
665 993 
666 982 
667 998 
668 668 
669 936 
670 997 
671 775 
672 930 
673 668 
674 721 
675 994 
676 983 
677 543 
678 989 
679 977 941 950 
680 868 
681 997 
682 982 
683 930 
684 908 
685 936 
686 950 
687 762 543 983 975 
688 762 
689 775 980 954 994 
690 950 
691 907 724 950 930 
692 989 982 998 
693 908 
694 987 
695 997 
696 994 
697 944 
698 786 
699 748 
700 875 
701 977 983 
702 977 
703 875 
704 745 
705 988 
706 989 
707 982 
708 988 
709 907 
710 710 
711 983 
712 988 
713 989 
714 923 998 
715 980 
716 998 
717 923 
718 936 
719 982 
720 900 998 
721 721 
722 993 
723 721 
724 724 
725 982 
726 987 
727 983 
728 861 
729 724 
730 989 
731 745 954 997 
732 846 908 
733 830 
734 940 
735 994 
736 668 989 
737 907 
738 668 989 
739 900 
740 940 
741 900 
742 982 
743 983 
744 748 
745 745 
746 988 
747 944 
748 748 
749 950 
750 884 
751 721 980 998 
752 950 
753 846 
754 830 
755 900 
756 982 
757 846 
758 982 
759 969 
760 988 
761 994 
762 762 
763 977 
764 710 
765 969 
766 630 
767 997 
768 846 
769 977 
770 989 
771 944 
772 944 
773 762 
774 861 
775 775 
776 748 668 987 
777 868 
778 884 
779 779 
780 884 
781 944 
782 998 
783 944 
784 988 
785 908 
786 786 
787 969 
788 977 
789 900 
790 501 868 775 983 
791 923 
792 944 
793 875 
794 930 
795 988 
796 977 
797 993 
798 936 
799 868 
800 612 
801 286 543 724 
802 994 
803 538 
804 993 
805 884 
806 668 
807 923 
808 982 
809 954 
810 501 830 977 997 
811 969 
812 861 
813 941 977 983 994 
814 908 
815 930 
816 989 
817 988 
818 950 
819 775 
820 983 
821 944 
822 710 
823 983 
824 994 
825 501 
826 977 
827 994 
828 975 
829 997 
830 830 
831 982 
832 987 
833 830 
834 775 
835 989 
836 936 
837 983 
838 950 
839 980 930 900 993 
840 944 
841 977 
842 969 
843 950 724 907 861 
844 612 
845 940 
846 846 
847 907 
848 908 868 997 
849 884 
850 936 
851 936 
852 668 293 988 983 
853 721 
854 941 
855 954 
856 969 
857 980 
858 944 
859 775 
860 997 
861 861 
862 538 501 950 868 
863 988 
864 907 
865 944 
866 861 950 998 
867 989 
868 868 
869 993 
870 975 
871 989 
872 980 
873 612 
874 907 861 884 936 
875 875 
876 983 
877 900 
878 977 
879 982 
880 923 
881 997 
882 994 
883 940 
884 884 
885 997 
886 944 
887 930 
888 993 
889 900 745 989 997 
890 983 
891 969 
892 930 980 993 998 
893 944 
894 907 
895 997 
896 950 
897 993 
898 982 
899 977 721 940 
900 900 
901 969 
902 907 
903 988 
904 950 
905 936 
906 954 
907 907 
908 908 
909 998 
910 982 
911 993 
912 936 
913 989 
914 975 
915 989 
916 980 969 994 998 
917 940 
918 944 
919 980 
920 980 
921 940 
922 944 
923 923 
924 936 
925 936 
926 830 501 900 989 
927 977 
928 923 
929 936 
930 930 
931 668 989 724 983 
932 988 
933 930 
934 980 
935 988 
936 936 
937 998 
938 975 
939 954 
940 940 
941 941 
942 987 
943 868 775 950 993 
944 944 
945 988 
946 900 
947 982 
948 989 
949 950 
950 950 
951 748 745 907 993 
952 988 
953 975 
954 954 
955 987 
956 983 
957 907 875 954 975 
958 998 
959 998 
960 993 
961 969 
962 969 
963 998 
964 923 950 724 977 
965 982 
966 993 
967 987 
968 983 
969 969 
970 975 
971 998 
972 975 
973 987 
974 998 
975 975 
976 993 
977 977 
978 993 
979 994 
980 980 
981 998 
982 982 
983 983 
984 983 994 987 977 
985 993 
986 721 989 907 940 
987 987 
988 988 
989 989 
990 998 
991 994 
992 983 630 980 
993 993 
994 994 
995 997 
996 997 
997 997 
998 998 
999 950 977 884 969 
1000 775 994 969 975 
