1 4964 
2 4898 
3 4949 
4 4952 
5 4477 
6 4942 
7 4946 4301 4494 
8 4991 
9 4467 
10 4981 
11 4959 
12 4975 
13 4991 
14 4543 
15 4908 
16 4999 
17 4955 
18 4710 
19 4970 
20 4992 
21 4624 
22 4991 
23 4860 
24 4738 
25 4967 
26 4808 
27 4931 
28 4967 
29 4999 
30 4992 4960 
31 4994 
32 4847 
33 4946 
34 4962 
35 4923 
36 4543 
37 5000 
38 4959 
39 4796 
40 4355 
41 4920 
42 4961 
43 4844 
44 4451 
45 4847 
46 4999 
47 4061 
48 4534 
49 4984 
50 4908 4710 
51 4684 
52 4908 
53 4684 
54 4807 
55 4976 
56 4562 
57 4624 
58 4960 
59 4882 
60 4796 
61 4827 
62 4935 
63 4931 
64 4827 
65 4712 
66 4976 
67 4999 
68 4933 
69 4451 
70 4861 
71 4942 
72 4997 
73 4681 
74 4543 4963 
75 4406 
76 4867 
77 4955 
78 4906 
79 4811 
80 4874 
81 4964 
82 4861 
83 4997 
84 4991 
85 4963 
86 4947 
87 4778 
88 4451 4965 
89 4788 
90 4827 
91 4355 
92 4984 
93 4964 
94 4681 
95 4945 
96 4887 
97 4543 
98 4543 
99 4976 
100 4301 
101 4778 
102 4534 
103 4931 
104 4960 
105 4999 
106 4948 
107 4807 
108 4808 
109 4964 
110 4997 
111 4939 
112 4874 
113 4860 
114 4898 
115 4757 
116 4920 
117 4960 
118 4991 
119 4451 
120 4981 
121 4998 
122 4301 
123 4964 
124 4939 
125 4997 
126 4992 
127 4970 
128 4866 
129 5000 
130 4451 
131 4992 
132 4961 
133 4198 
134 4788 
135 4959 
136 4991 
137 4686 
138 4757 
139 4893 
140 4935 
141 4947 
142 4991 
143 4778 
144 4879 
145 4355 
146 4811 
147 4788 
148 4955 
149 4955 
150 4992 
151 4949 
152 4963 
153 153 
154 4999 
155 4301 
156 4621 
157 4959 
158 4863 
159 4803 
160 4796 
161 4827 
162 4585 
163 5000 
164 4712 
165 4686 
166 4974 
167 4904 
168 4847 
169 4977 
170 4992 
171 4867 
172 4827 
173 4738 
174 4803 4807 
175 4686 
176 4543 
177 4738 
178 4989 4801 
179 4887 
180 4908 
181 4670 
182 4997 
183 4796 4860 
184 4946 
185 4931 
186 4992 
187 4863 
188 4997 
189 4808 
190 4959 
191 4948 
192 4898 
193 4847 
194 4494 
195 4866 
196 4879 
197 4726 
198 4976 
199 4924 
200 4896 
201 4920 
202 4860 
203 4788 
204 4896 
205 4562 
206 4952 
207 4976 
208 4681 
209 4997 
210 4757 
211 4406 
212 4462 4590 
213 4543 
214 4406 
215 4781 
216 4790 
217 4955 
218 4686 
219 4976 
220 4944 
221 4802 
222 4994 
223 4935 
224 4991 
225 4867 
226 4984 
227 4355 
228 4301 
229 4781 
230 4997 
231 4847 
232 4924 
233 4867 
234 4931 
235 4788 
236 4904 
237 4807 
238 4946 
239 4959 
240 4645 4621 
241 4898 
242 4920 
243 4999 
244 4778 
245 4908 
246 4827 
247 4981 
248 4997 
249 4543 
250 4961 
251 4955 
252 4973 
253 4451 
254 4952 
255 4946 
256 4543 
257 4355 
258 4808 
259 4494 
260 4720 
261 4796 
262 4804 
263 4860 4920 
264 4684 
265 4621 4938 
266 4628 
267 4863 
268 4992 
269 4494 
270 4963 
271 4947 
272 4686 
273 4710 
274 4867 
275 4948 
276 4896 
277 4781 
278 4984 
279 4590 
280 4467 
281 4494 4942 4590 
282 4931 
283 4561 
284 4908 
285 4967 
286 5000 
287 4710 
288 4974 
289 4893 
290 4931 
291 4960 
292 4874 
293 4999 
294 4976 
295 4807 
296 4991 
297 4924 
298 4790 
299 4988 
300 4959 
301 4961 
302 4681 
303 465 4494 
304 4924 4887 
305 4534 
306 4796 
307 4738 
308 4991 
309 4670 
310 4989 
311 4974 
312 3874 
313 4720 
314 4945 
315 4949 
316 4887 
317 4999 
318 4998 
319 4955 
320 4624 
321 4939 
322 4456 
323 4827 
324 4965 
325 4977 4738 
326 4952 
327 4827 
328 4804 
329 4970 
330 4543 
331 4847 
332 4991 
333 4456 
334 4949 
335 4994 
336 4726 
337 4863 
338 4988 
339 4981 
340 4946 4879 
341 4981 
342 4879 
343 4908 
344 4867 
345 4796 
346 4946 
347 4952 
348 4946 
349 4301 
350 4924 
351 4686 
352 4935 
353 4847 
354 4920 
355 4955 
356 4964 
357 4923 
358 4908 
359 4908 
360 4952 
361 4451 
362 4981 
363 4861 
364 4970 
365 4948 
366 4543 4462 
367 4647 
368 4543 
369 4804 
370 4540 
371 4807 
372 4860 
373 4973 
374 4959 
375 4961 
376 4628 
377 4960 
378 4976 
379 4970 
380 4933 
381 4998 
382 4355 
383 4844 
384 4906 
385 4949 
386 4867 
387 4998 
388 4863 4879 
389 5000 
390 4979 
391 4462 
392 4924 
393 4994 
394 4947 
395 4781 
396 4992 
397 4977 
398 4684 4540 
399 4801 
400 4992 
401 4301 
402 4920 
403 4946 
404 4804 
405 4310 
406 4988 
407 4961 
408 2922 
409 5000 
410 4863 
411 4984 
412 4778 4955 
413 4681 
414 4898 
415 4310 
416 4867 
417 4712 
418 4906 
419 4861 
420 4893 
421 4970 
422 4796 
423 4534 
424 4710 
425 4948 
426 4887 
427 4908 
428 4997 
429 4988 
430 4920 4945 
431 4887 
432 4879 
433 4494 
434 4975 
435 4540 
436 4788 
437 4802 
438 4994 
439 4301 
440 4803 
441 4988 
442 4781 
443 4861 
444 4867 
445 4906 
446 4355 
447 4979 
448 4920 
449 4494 
450 4939 
451 4827 4942 4923 
452 4923 
453 4999 
454 4906 
455 4788 
456 4935 
457 5000 
458 4585 
459 4882 
460 4994 
461 4963 
462 465 
463 4992 4923 
464 4477 
465 465 4562 
466 4561 
467 4534 
468 4543 
469 4999 
470 4896 
471 4981 
472 4804 
473 4879 
474 4976 
475 4561 
476 4879 
477 4796 
478 4562 
479 4882 
480 4960 
481 4955 
482 4924 
483 4860 
484 4997 4628 
485 4891 
486 4952 
487 4310 4822 
488 4974 
489 4757 
490 4887 
491 4948 
492 4994 
493 4790 
494 4984 
495 4970 
496 4863 
497 4788 
498 4301 
499 4406 4923 
500 4893 
501 4847 
502 4965 
503 4887 
504 4645 
505 4788 
506 4628 
507 4965 
508 4994 
509 4861 
510 4867 
511 4908 
512 4946 
513 4933 
514 4952 
515 4355 
516 4924 
517 4962 
518 4984 
519 4867 
520 4781 
521 4860 
522 4301 4788 4955 
523 4960 
524 4726 
525 4984 
526 4973 4975 
527 4991 
528 4935 
529 4456 
530 4847 
531 4896 4893 
532 4994 
533 4874 
534 4979 
535 4939 
536 4874 
537 4543 
538 4976 
539 4939 
540 4898 
541 4863 
542 4974 
543 4790 
544 4997 
545 4935 4585 
546 4803 
547 4975 
548 4796 
549 4989 
550 4874 
551 4822 
552 4451 
553 4952 
554 4920 
555 4960 
556 4908 
557 4863 
558 4198 
559 4908 
560 4887 
561 4543 
562 4979 
563 4967 
564 4301 
565 4562 
566 4946 
567 4879 
568 4788 
569 4920 
570 4952 
571 4645 
572 4946 4310 4991 
573 4355 
574 4964 
575 4981 
576 4860 
577 2922 
578 4847 
579 4863 
580 4543 
581 4947 
582 4938 
583 4710 
584 4494 
585 4976 
586 4946 
587 4822 
588 4938 
589 4949 
590 4621 
591 4874 
592 4946 
593 4948 
594 2922 
595 4807 
596 4960 
597 4781 
598 4992 
599 4939 
600 4970 
601 1634 4494 4822 
602 4681 
603 4998 
604 4998 
605 4965 
606 4939 
607 5000 
608 4946 
609 4931 
610 4562 
611 4908 
612 4494 
613 4992 
614 4946 
615 4893 
616 4984 
617 4959 
618 4989 
619 3874 
620 4981 
621 2922 
622 4994 
623 4923 
624 4994 
625 4992 
626 4988 
627 4561 
628 4788 
629 4904 
630 4494 
631 4790 
632 4861 
633 4997 
634 4807 
635 4991 
636 4961 
637 4999 
638 4976 
639 4908 
640 4955 
641 4976 
642 4866 
643 4949 
644 4796 
645 4991 
646 2922 
647 4960 
648 4681 
649 4955 
650 4999 
651 4963 
652 4686 
653 4710 
654 4965 
655 4945 
656 4973 
657 4891 
658 4867 
659 4924 
660 4585 
661 4939 
662 4997 
663 4997 
664 4451 
665 4879 
666 4933 
667 4999 
668 4908 
669 4904 
670 4964 
671 4984 
672 4973 
673 4955 
674 4946 
675 4796 
676 4301 
677 4970 
678 4931 
679 4790 
680 4975 
681 4967 
682 4997 
683 4920 
684 4796 
685 4860 
686 4757 
687 4494 
688 4804 
689 4959 
690 4301 
691 4949 
692 4628 
693 4988 
694 4788 
695 3874 
696 4355 
697 4962 
698 4561 
699 4946 
700 4757 
701 4967 
702 4992 
703 4988 
704 4981 4948 
705 4860 
706 4355 
707 4961 4860 
708 4860 
709 4939 
710 4994 
711 4977 
712 4738 
713 4964 
714 4942 
715 4947 
716 4981 
717 4960 
718 4462 
719 4988 
720 4948 
721 4964 
722 4462 
723 4946 
724 4935 
725 4562 
726 4908 
727 4827 
728 4882 
729 4540 
730 4866 
731 4808 
732 4355 
733 4647 
734 4778 
735 4946 
736 4590 
737 4781 
738 4844 
739 4827 
740 4944 
741 4948 
742 4355 
743 4406 
744 4543 
745 4860 
746 4960 
747 4645 
748 4647 
749 4494 
750 4863 
751 4827 
752 4994 
753 4952 
754 4788 
755 4712 
756 4999 
757 4543 
758 4961 
759 4301 4310 
760 4961 
761 4974 
762 4944 
763 4931 
764 4984 
765 4948 
766 4827 
767 4874 
768 4948 
769 4891 
770 4961 
771 4867 
772 4959 
773 4931 
774 4999 
775 153 4975 
776 4778 
777 4976 
778 4887 
779 4908 
780 4827 
781 4867 
782 4301 
783 4660 
784 4822 
785 4561 
786 4822 
787 4788 
788 4827 
789 4988 
790 4867 
791 4965 
792 4681 
793 4908 
794 4804 
795 4061 
796 4790 
797 4807 
798 4997 
799 4984 
800 4863 
801 4989 
802 4794 
803 4935 
804 4994 
805 4543 
806 4803 
807 4061 
808 2922 
809 4590 
810 4944 
811 4861 
812 4964 
813 4827 
814 4660 
815 4960 
816 4976 
817 4949 
818 4624 
819 4975 4301 4952 
820 4790 
821 4710 
822 4973 
823 3874 
824 4891 
825 4960 
826 4984 
827 4310 
828 4804 
829 4847 
830 4965 
831 4933 
832 4988 
833 4456 
834 4939 
835 4946 
836 4847 
837 4781 
838 4931 
839 5000 
840 4992 
841 4938 
842 4494 
843 5000 
844 4992 
845 4827 
846 4984 4543 
847 4684 
848 4965 
849 4949 4882 
850 4947 
851 4991 
852 4808 
853 4947 
854 4949 
855 4624 
856 4543 
857 4935 
858 4803 4628 
859 4811 
860 4893 
861 4964 
862 4961 
863 4999 
864 4628 
865 2922 
866 4962 
867 4794 4681 
868 4301 
869 4310 
870 4861 
871 4923 
872 4967 
873 4992 
874 4562 
875 4804 
876 4992 
877 4975 
878 4908 
879 4561 
880 4866 
881 4960 
882 4994 
883 4891 
884 4628 
885 4989 
886 4827 
887 4310 
888 4908 
889 4964 
890 4628 
891 4585 
892 4952 
893 4923 
894 4796 
895 4847 
896 4906 
897 4778 
898 4979 
899 4979 
900 4802 
901 4949 
902 4963 
903 4906 
904 4923 
905 4628 4931 
906 4942 
907 4984 
908 4720 
909 4975 
910 5000 
911 4879 
912 4879 
913 4984 
914 4796 
915 4790 
916 4979 
917 5000 
918 4908 
919 4301 
920 4543 
921 4944 
922 4624 
923 4645 
924 4808 
925 4947 
926 4684 
927 4970 
928 4997 
929 4992 
930 4994 
931 4939 
932 4964 
933 4973 
934 4562 
935 4999 
936 4992 
937 4984 
938 4992 
939 4860 
940 4710 
941 3874 
942 4590 
943 4946 
944 4844 
945 4540 
946 4494 
947 4804 
948 4999 
949 4827 
950 4989 
951 4686 
952 4788 
953 4945 
954 4863 
955 4960 
956 4998 
957 4494 
958 4561 
959 4952 
960 4561 
961 4847 
962 4874 
963 4860 
964 4935 
965 4543 
966 4477 4562 
967 4867 
968 4960 
969 4962 4908 
970 4796 
971 4562 
972 4790 
973 4970 
974 4847 
975 4994 
976 4355 
977 4933 
978 4647 
979 4477 
980 4962 
981 4301 
982 4955 
983 4891 
984 4981 
985 4946 
986 4965 
987 4562 
988 4935 
989 4628 
990 5000 
991 4534 
992 4684 
993 4801 
994 4949 
995 4948 
996 4898 
997 4961 
998 4807 
999 4794 
1000 4456 
1001 4061 
1002 4960 
1003 4811 
1004 4879 
1005 4863 
1006 4923 
1007 4887 
1008 4456 
1009 4939 
1010 4462 
1011 4998 
1012 4976 4906 
1013 4908 
1014 4965 
1015 4964 4788 
1016 4355 
1017 2922 
1018 4647 
1019 4984 
1020 4992 
1021 4406 
1022 4939 
1023 4991 
1024 4796 
1025 4898 
1026 4908 
1027 4998 
1028 4997 
1029 4984 
1030 4788 
1031 4645 
1032 4988 
1033 4686 
1034 4998 
1035 4887 
1036 4981 
1037 4781 
1038 4984 
1039 4621 
1040 4790 
1041 4621 
1042 4976 
1043 4992 
1044 4981 
1045 4781 
1046 4999 
1047 4906 
1048 4946 
1049 4863 
1050 4933 
1051 4979 
1052 4920 
1053 4965 
1054 4796 
1055 4796 
1056 4802 
1057 4712 
1058 4938 
1059 4355 
1060 4981 
1061 4976 
1062 4939 
1063 4955 
1064 4896 
1065 4944 
1066 2922 
1067 4977 
1068 4923 
1069 4991 4543 
1070 4981 
1071 4970 
1072 4726 
1073 4984 
1074 4975 
1075 4920 
1076 4494 
1077 4984 
1078 4965 
1079 4788 
1080 4796 
1081 4534 
1082 4933 
1083 4847 
1084 4967 
1085 4955 
1086 4561 
1087 4585 
1088 4781 
1089 4896 
1090 4808 
1091 4992 
1092 4975 
1093 4822 
1094 4935 4997 
1095 4860 
1096 4973 
1097 4974 
1098 4997 
1099 4942 
1100 4981 
1101 4976 
1102 5000 
1103 4808 
1104 4908 
1105 4962 
1106 4494 
1107 4628 
1108 4406 
1109 4962 
1110 4955 
1111 4992 
1112 4710 
1113 4949 
1114 4970 
1115 4874 
1116 4660 
1117 4994 
1118 4904 
1119 4866 
1120 4949 
1121 4891 
1122 4879 
1123 4827 
1124 4989 
1125 4961 
1126 4811 
1127 4624 4198 
1128 4963 4543 
1129 4908 
1130 4861 
1131 4942 
1132 4920 
1133 4628 
1134 4976 
1135 4938 
1136 4562 
1137 4796 
1138 4948 
1139 4628 
1140 4543 
1141 4867 
1142 4999 
1143 4992 
1144 4946 
1145 4979 
1146 4660 
1147 4807 
1148 4847 
1149 153 
1150 4984 
1151 4955 
1152 4949 
1153 4645 
1154 4960 
1155 4923 
1156 4822 
1157 4720 
1158 4879 
1159 4935 
1160 1634 
1161 5000 
1162 4882 
1163 4310 
1164 4863 
1165 4979 
1166 4710 
1167 4960 
1168 4660 
1169 4975 
1170 4963 
1171 4955 
1172 4908 
1173 4874 
1174 4788 
1175 4494 4714 
1176 4965 
1177 4738 
1178 4494 
1179 4874 
1180 4621 
1181 4451 4920 
1182 4904 
1183 4301 
1184 4964 
1185 4790 
1186 4992 
1187 4891 
1188 4355 
1189 4406 
1190 4997 
1191 4686 
1192 4984 
1193 4887 
1194 4198 
1195 4807 
1196 4811 
1197 4949 
1198 4973 
1199 4684 
1200 4863 
1201 4879 
1202 4923 
1203 4684 4778 
1204 4860 
1205 4961 
1206 4974 
1207 4908 
1208 4860 
1209 4714 
1210 4456 
1211 4948 
1212 4938 
1213 4887 
1214 4451 
1215 4999 
1216 4822 
1217 4949 
1218 5000 
1219 4467 
1220 4938 
1221 4944 
1222 4802 
1223 4882 
1224 4860 
1225 4738 
1226 4624 
1227 4867 
1228 4804 
1229 4920 
1230 4726 
1231 4802 
1232 4827 
1233 4948 
1234 4960 
1235 4534 
1236 4628 
1237 4887 
1238 4920 
1239 4992 
1240 4965 
1241 4970 
1242 4920 
1243 4952 
1244 4860 
1245 4860 
1246 4960 
1247 4955 
1248 4991 
1249 4920 
1250 4866 
1251 4974 
1252 4738 
1253 4712 
1254 4796 
1255 4198 
1256 4964 
1257 4494 
1258 4867 
1259 4543 
1260 4946 
1261 4997 
1262 4992 
1263 4867 
1264 4788 
1265 4301 
1266 4310 
1267 4994 
1268 4965 4979 
1269 4198 
1270 4945 
1271 4543 
1272 4301 
1273 4946 
1274 4981 
1275 4984 
1276 4946 
1277 4959 
1278 4896 
1279 4992 
1280 5000 
1281 4998 
1282 4543 
1283 4964 
1284 4590 
1285 4963 
1286 4827 
1287 4949 
1288 4561 
1289 4973 
1290 4803 
1291 4964 
1292 4965 
1293 4585 
1294 4896 
1295 4992 
1296 4964 
1297 4991 
1298 4906 
1299 4543 4908 
1300 4585 
1301 4952 
1302 4944 4908 
1303 4807 
1304 4955 
1305 4955 
1306 4976 
1307 4757 
1308 4310 
1309 4861 
1310 4939 
1311 4720 
1312 4467 
1313 4720 
1314 4684 
1315 4991 
1316 4961 
1317 4585 
1318 4970 
1319 4684 
1320 4946 
1321 4887 
1322 4738 
1323 4973 
1324 4462 
1325 4906 
1326 4714 
1327 4822 
1328 4847 
1329 4967 
1330 4999 
1331 4863 
1332 4494 
1333 4451 
1334 4624 
1335 4726 
1336 4970 
1337 4860 
1338 4822 
1339 4534 
1340 4790 
1341 3874 
1342 4961 
1343 4949 
1344 4948 
1345 4882 
1346 4949 
1347 4908 
1348 4781 
1349 4847 
1350 4920 
1351 4963 
1352 4827 
1353 4992 
1354 4534 
1355 4945 
1356 4977 
1357 4796 
1358 4997 
1359 4355 
1360 4861 
1361 4924 
1362 4807 
1363 4959 
1364 4994 4973 
1365 4807 
1366 4807 
1367 4860 
1368 4808 
1369 4590 
1370 4879 
1371 4796 
1372 4933 
1373 4970 
1374 4952 
1375 4992 
1376 4984 
1377 4948 
1378 4494 
1379 4477 
1380 4561 
1381 4938 
1382 4938 
1383 4904 
1384 4866 
1385 4794 4931 
1386 4991 
1387 4861 
1388 2922 
1389 4908 
1390 4863 
1391 4778 
1392 4198 
1393 4938 
1394 4879 4406 
1395 4965 
1396 4827 
1397 4790 
1398 4997 
1399 4561 
1400 4874 
1401 4863 
1402 4964 
1403 4808 
1404 4860 
1405 4975 
1406 4879 
1407 4977 
1408 4804 
1409 4822 
1410 4970 
1411 4970 
1412 4887 
1413 4939 
1414 4804 
1415 4804 
1416 4891 
1417 4970 
1418 4804 
1419 3874 
1420 4790 
1421 4887 
1422 4949 
1423 4543 4628 4994 
1424 4946 
1425 4948 
1426 4981 
1427 4310 
1428 4989 4906 
1429 4788 
1430 4543 
1431 4959 
1432 4882 
1433 4867 
1434 4984 
1435 4997 
1436 4860 
1437 4796 
1438 4198 
1439 4726 
1440 4781 
1441 4822 
1442 4355 
1443 4964 4796 
1444 4938 
1445 4976 
1446 4964 4991 
1447 4997 
1448 4973 
1449 4992 
1450 4946 
1451 4952 
1452 4984 
1453 4992 
1454 4924 
1455 4984 
1456 4562 
1457 4923 
1458 4827 
1459 4989 
1460 4887 
1461 4994 
1462 4310 
1463 4949 
1464 3874 
1465 4963 
1466 4788 
1467 4778 4822 
1468 3874 
1469 4879 
1470 4920 
1471 4796 
1472 4923 
1473 4562 
1474 4822 
1475 4714 
1476 4994 
1477 4975 
1478 4198 
1479 4924 
1480 4467 
1481 4989 
1482 4908 
1483 4992 
1484 4802 
1485 4866 
1486 4961 
1487 4590 
1488 4896 
1489 4796 
1490 4861 
1491 4543 
1492 4893 
1493 4562 
1494 4981 
1495 4997 
1496 4720 
1497 4720 
1498 4562 
1499 4981 
1500 4451 
1501 4863 
1502 4860 
1503 3874 
1504 4898 
1505 4981 
1506 4920 
1507 4997 
1508 4933 
1509 4962 
1510 4710 
1511 4944 
1512 4807 
1513 4961 
1514 4451 
1515 4947 
1516 4887 
1517 4860 
1518 4992 
1519 4778 
1520 4973 
1521 4976 
1522 4979 
1523 4994 
1524 4684 
1525 4310 
1526 4908 4827 
1527 4960 
1528 4301 
1529 4801 
1530 4310 
1531 4355 
1532 3874 
1533 4981 
1534 4645 
1535 4807 
1536 4944 
1537 4923 
1538 4989 
1539 4310 
1540 4973 
1541 4808 
1542 4964 
1543 4310 4920 
1544 4923 
1545 4712 
1546 4807 
1547 4947 
1548 4924 
1549 4944 
1550 4952 
1551 4997 
1552 4477 
1553 4961 
1554 4670 
1555 4991 4827 
1556 4952 
1557 4975 
1558 4906 
1559 4952 
1560 4984 
1561 4874 
1562 4796 
1563 4355 4301 
1564 4931 
1565 4924 
1566 4543 
1567 4891 
1568 4952 
1569 4949 
1570 4949 
1571 4712 
1572 4963 
1573 4973 
1574 4686 
1575 4944 
1576 4946 
1577 4867 
1578 4939 
1579 4908 
1580 4989 
1581 4967 
1582 4310 
1583 4945 
1584 4904 
1585 4543 
1586 4938 
1587 4981 4964 
1588 4924 
1589 4999 
1590 4801 
1591 4933 
1592 4788 
1593 4999 
1594 4991 
1595 4973 
1596 4778 
1597 4949 
1598 4477 
1599 4310 
1600 5000 
1601 4562 
1602 4863 
1603 4955 
1604 4973 
1605 4860 
1606 4804 
1607 4624 
1608 4931 
1609 4997 
1610 4645 
1611 4807 
1612 4477 
1613 4844 
1614 4973 
1615 4863 
1616 4874 
1617 4874 
1618 4543 
1619 4866 
1620 4948 
1621 4310 4301 
1622 4861 
1623 4923 
1624 4887 
1625 4981 
1626 4944 
1627 4860 
1628 4970 
1629 4796 
1630 4924 
1631 4867 
1632 4945 
1633 4827 
1634 1634 
1635 4543 4879 
1636 4967 4887 
1637 4973 
1638 4198 
1639 4964 
1640 4621 
1641 4898 
1642 4811 
1643 4963 
1644 2922 
1645 4923 
1646 4847 
1647 5000 
1648 4796 
1649 4714 
1650 4562 
1651 4955 
1652 4808 4959 
1653 4933 
1654 4887 
1655 4973 
1656 4456 
1657 4624 
1658 2922 
1659 4924 
1660 4977 
1661 4802 
1662 4976 
1663 4778 
1664 4973 
1665 4948 
1666 4804 
1667 4562 
1668 4959 
1669 4822 4964 
1670 4981 
1671 4970 
1672 4891 
1673 4757 
1674 4896 
1675 4874 
1676 4355 
1677 4874 
1678 4908 
1679 4561 
1680 4963 
1681 4790 
1682 4624 
1683 4494 
1684 4647 
1685 4977 
1686 4955 
1687 4945 
1688 4939 
1689 4898 
1690 4757 
1691 4543 
1692 4977 
1693 4301 
1694 4781 
1695 4964 
1696 4981 
1697 4960 
1698 4981 
1699 4198 4585 
1700 4989 
1701 4543 
1702 4860 
1703 4628 
1704 4975 
1705 4974 
1706 4301 
1707 4543 
1708 4807 
1709 4811 
1710 4967 
1711 4952 
1712 4947 
1713 4781 
1714 4933 
1715 4778 
1716 4904 
1717 4540 
1718 4710 
1719 4628 
1720 4959 
1721 4948 4712 
1722 4863 
1723 4781 
1724 4061 
1725 4908 
1726 4794 
1727 4781 
1728 4726 
1729 4778 
1730 4908 
1731 4924 
1732 4949 
1733 4803 
1734 4949 
1735 4867 
1736 4861 
1737 4781 
1738 4896 
1739 4949 
1740 4908 
1741 4790 
1742 4999 
1743 4684 
1744 4863 
1745 4945 
1746 4796 
1747 4562 
1748 4863 
1749 4456 
1750 4860 
1751 4967 
1752 4948 
1753 4863 
1754 4844 
1755 4998 
1756 4935 
1757 4562 
1758 4942 
1759 4645 
1760 4796 
1761 4494 
1762 4863 
1763 4952 4944 
1764 4301 
1765 4874 
1766 4628 
1767 4965 
1768 4984 
1769 4790 
1770 4944 
1771 4998 4494 
1772 4981 
1773 4964 
1774 4999 
1775 4942 
1776 4994 
1777 4965 
1778 4981 
1779 4686 4998 
1780 4712 4827 
1781 4908 
1782 4964 
1783 4874 
1784 4949 
1785 4965 
1786 4959 
1787 5000 
1788 4999 
1789 4847 
1790 4961 
1791 4712 
1792 4624 
1793 4963 
1794 4670 
1795 4628 
1796 4981 
1797 4955 
1798 4949 
1799 4924 
1800 4788 
1801 4962 
1802 4543 
1803 4908 
1804 4931 
1805 4981 
1806 4965 
1807 4781 4973 
1808 4355 
1809 4945 
1810 4984 
1811 4808 
1812 4949 
1813 4952 
1814 4710 
1815 4301 
1816 4477 
1817 4887 
1818 4908 
1819 4967 
1820 4882 
1821 4628 
1822 4543 
1823 4790 
1824 4963 
1825 4879 
1826 4962 
1827 4967 
1828 4863 
1829 4543 
1830 4887 
1831 4808 
1832 4456 
1833 4451 
1834 4952 
1835 4904 
1836 4931 
1837 4585 
1838 4974 
1839 4301 
1840 4923 
1841 4866 
1842 4908 
1843 4882 
1844 4660 
1845 4543 
1846 4908 
1847 4974 
1848 4944 
1849 4992 
1850 4970 
1851 4467 
1852 4965 
1853 4879 
1854 4981 
1855 4863 
1856 4920 
1857 4967 
1858 4992 
1859 4874 
1860 4908 
1861 4947 
1862 4847 
1863 4803 
1864 4931 
1865 4975 
1866 4906 4494 
1867 4974 
1868 4935 
1869 4893 
1870 4827 
1871 4477 
1872 4992 
1873 4948 
1874 4946 
1875 4997 
1876 4952 
1877 4660 
1878 4991 
1879 4984 
1880 4879 
1881 4946 
1882 4585 
1883 4660 
1884 4946 
1885 4778 
1886 4933 
1887 4543 
1888 4959 
1889 4887 
1890 4970 
1891 4946 
1892 4893 
1893 4624 
1894 4647 
1895 4681 4994 
1896 4952 
1897 4811 
1898 4965 
1899 4879 
1900 4778 
1901 4933 
1902 4801 
1903 4977 
1904 4355 
1905 4999 
1906 4681 
1907 4959 
1908 4887 
1909 4898 
1910 4891 
1911 4991 
1912 4684 
1913 4961 
1914 4879 
1915 4860 
1916 4714 
1917 4887 
1918 4684 
1919 4924 
1920 4720 
1921 4811 
1922 4908 
1923 4964 
1924 4960 
1925 4796 
1926 4355 
1927 4998 
1928 4882 
1929 4621 
1930 4981 
1931 4946 
1932 4908 
1933 4540 
1934 4355 
1935 4887 
1936 4808 
1937 4624 
1938 4198 
1939 4847 
1940 4822 
1941 4970 
1942 4788 
1943 4991 
1944 4964 
1945 4964 
1946 4590 
1947 4788 
1948 4624 
1949 4924 
1950 4543 
1951 4992 
1952 4984 
1953 4935 
1954 4827 
1955 4847 
1956 4991 
1957 4933 
1958 4952 
1959 4939 
1960 4710 
1961 4896 
1962 4904 
1963 4684 
1964 4804 
1965 4891 
1966 4992 
1967 4861 
1968 4462 
1969 4451 
1970 4355 
1971 4844 
1972 4562 
1973 4811 4931 
1974 4964 
1975 4726 
1976 4959 
1977 4811 
1978 4726 
1979 4714 
1980 4807 
1981 4406 
1982 4863 
1983 4970 
1984 4938 
1985 3874 
1986 4887 
1987 4935 
1988 5000 4628 
1989 4967 
1990 4879 
1991 4847 4945 
1992 4984 
1993 4944 
1994 4874 
1995 4999 
1996 4933 
1997 4781 
1998 4867 
1999 4540 
2000 4540 
2001 4660 
2002 4801 
2003 4920 
2004 4681 
2005 4198 
2006 4952 
2007 4847 
2008 4994 
2009 4974 
2010 4967 
2011 4355 
2012 4891 
2013 4948 
2014 4543 
2015 4882 
2016 4860 
2017 4882 
2018 4908 
2019 4973 
2020 4543 
2021 4898 
2022 4976 4977 
2023 4999 
2024 4976 4908 
2025 4808 
2026 4681 
2027 4686 
2028 4961 
2029 4863 
2030 4686 
2031 4997 
2032 4562 4960 
2033 4920 
2034 4931 4874 
2035 4931 
2036 4999 
2037 4923 
2038 5000 
2039 4975 
2040 4628 
2041 4961 
2042 4684 
2043 4827 
2044 4684 
2045 3874 
2046 4788 4947 
2047 4451 4310 
2048 3874 
2049 4781 
2050 4970 
2051 4970 
2052 4778 
2053 4959 
2054 4933 
2055 4844 
2056 4794 
2057 4802 
2058 4628 
2059 4998 
2060 4959 
2061 4847 
2062 4788 
2063 4451 
2064 4938 
2065 4844 
2066 4866 
2067 4984 
2068 4965 
2069 4874 
2070 4804 
2071 4964 
2072 4952 
2073 4974 
2074 4847 4879 
2075 4997 
2076 4999 
2077 4952 
2078 4938 
2079 4896 
2080 4970 
2081 4804 
2082 4960 
2083 4866 
2084 4947 
2085 4944 
2086 4970 
2087 4965 
2088 4997 
2089 4710 
2090 4882 
2091 4960 
2092 4977 
2093 4684 4908 
2094 4949 
2095 4961 
2096 4992 
2097 4355 
2098 4970 
2099 4847 
2100 4301 4808 
2101 4991 
2102 4788 
2103 4879 
2104 4867 
2105 4945 
2106 4684 
2107 4961 
2108 4467 
2109 4955 
2110 4893 
2111 4935 
2112 4543 
2113 4931 
2114 4790 
2115 4310 
2116 4590 
2117 4714 
2118 4977 
2119 4893 
2120 4804 
2121 4999 
2122 4788 
2123 4790 
2124 4948 4801 
2125 4879 
2126 4847 
2127 4977 
2128 4867 
2129 4456 
2130 4949 
2131 4967 
2132 4628 
2133 4997 
2134 4788 
2135 4994 4866 
2136 4355 
2137 4981 
2138 4981 
2139 4788 
2140 4867 
2141 4540 
2142 4796 
2143 4893 
2144 4935 
2145 4952 
2146 4965 
2147 4686 
2148 4467 
2149 4999 
2150 4807 
2151 4684 
2152 4970 
2153 4811 
2154 4451 
2155 4989 
2156 4949 
2157 4807 
2158 4794 
2159 4887 
2160 4988 
2161 4867 
2162 4781 
2163 4781 
2164 4974 
2165 4790 
2166 3874 
2167 4962 
2168 4562 
2169 4624 4952 
2170 4061 
2171 4970 
2172 4660 
2173 4962 
2174 4882 
2175 4970 
2176 4970 
2177 4543 
2178 4863 
2179 4686 
2180 4562 
2181 4942 
2182 4893 
2183 4874 
2184 4999 
2185 4712 4863 
2186 4999 
2187 4585 
2188 4198 
2189 4965 
2190 4681 
2191 4781 
2192 4975 
2193 4891 
2194 4355 
2195 4955 
2196 4979 
2197 4801 
2198 4796 
2199 4562 
2200 4827 
2201 4981 
2202 4477 
2203 4781 
2204 4796 
2205 4804 
2206 4992 
2207 4198 
2208 4822 
2209 4979 
2210 4543 
2211 5000 
2212 4494 
2213 4964 
2214 4908 
2215 4976 
2216 4981 
2217 4960 
2218 4976 
2219 4976 
2220 4803 
2221 4979 
2222 4738 
2223 4891 
2224 4920 
2225 4974 
2226 4992 
2227 4994 
2228 4061 
2229 4991 
2230 4949 
2231 4803 
2232 4908 
2233 4803 
2234 4887 
2235 5000 
2236 4975 
2237 4967 
2238 4998 
2239 4970 
2240 4451 
2241 4796 
2242 4726 
2243 4778 
2244 4994 
2245 4893 4867 
2246 4720 
2247 4893 
2248 4992 
2249 4807 
2250 4974 
2251 4979 
2252 4860 
2253 4959 
2254 4710 
2255 4585 
2256 4976 
2257 4794 
2258 4908 
2259 4861 
2260 4991 
2261 4946 
2262 4866 
2263 4975 
2264 4975 
2265 4997 4955 
2266 4867 4906 
2267 5000 
2268 4808 
2269 4406 
2270 4879 
2271 4975 
2272 4863 
2273 4462 
2274 4686 
2275 4778 4948 
2276 4863 4997 
2277 4931 
2278 4931 
2279 4863 
2280 4976 
2281 4939 
2282 4949 
2283 4301 
2284 4963 
2285 4908 
2286 4955 
2287 4908 4997 
2288 4406 
2289 4984 
2290 4933 
2291 4561 
2292 4494 
2293 4948 
2294 4992 
2295 4301 4952 
2296 4992 
2297 4949 
2298 4994 
2299 4959 
2300 4988 
2301 4931 
2302 4984 
2303 4863 
2304 4301 
2305 4866 
2306 4796 4781 
2307 4994 
2308 4801 
2309 4931 
2310 4979 
2311 4847 
2312 4946 
2313 4807 
2314 4867 
2315 4924 
2316 4931 
2317 4963 
2318 4964 
2319 4406 
2320 4790 
2321 4808 
2322 4757 
2323 4645 
2324 4946 
2325 4979 
2326 4984 
2327 4714 
2328 4788 
2329 4863 
2330 4979 
2331 4964 
2332 4979 
2333 4562 
2334 4807 
2335 4811 
2336 4976 
2337 4945 
2338 4863 
2339 4948 
2340 4920 
2341 4710 
2342 4684 4624 
2343 4355 
2344 4887 
2345 4973 4949 
2346 4847 
2347 4301 
2348 4981 4778 
2349 4933 
2350 4462 
2351 4992 
2352 4999 
2353 4976 
2354 4999 
2355 4992 
2356 4961 
2357 4790 
2358 4301 
2359 4923 
2360 4684 
2361 4861 
2362 4624 4893 
2363 4939 
2364 4994 
2365 4757 4994 
2366 4310 
2367 4939 
2368 4790 
2369 4962 
2370 4301 
2371 4738 
2372 4863 
2373 4534 
2374 4964 
2375 4310 
2376 4948 
2377 4997 
2378 4946 
2379 4991 
2380 4562 
2381 4908 
2382 4931 
2383 4462 
2384 4955 
2385 4847 
2386 4991 
2387 4952 
2388 4681 4979 
2389 4959 
2390 4908 
2391 4456 
2392 4999 
2393 4949 
2394 4974 
2395 4981 
2396 4301 
2397 4874 
2398 4999 
2399 4984 
2400 4945 
2401 4908 
2402 4935 
2403 4712 
2404 4301 
2405 4946 
2406 4645 4952 
2407 4991 
2408 4975 
2409 4989 
2410 4628 4847 
2411 4710 
2412 4844 
2413 4964 
2414 4944 
2415 4726 
2416 4796 
2417 4712 
2418 4867 
2419 4908 
2420 4866 
2421 4965 
2422 4998 
2423 4847 
2424 4686 
2425 4946 
2426 4999 
2427 4543 
2428 4999 
2429 4861 
2430 4984 
2431 4991 
2432 4920 
2433 4949 
2434 4952 
2435 4938 
2436 4887 
2437 4963 
2438 4860 
2439 4955 
2440 4874 4904 
2441 4981 
2442 4310 
2443 4976 
2444 4807 
2445 4803 
2446 4788 
2447 4494 
2448 4981 
2449 4960 
2450 4310 
2451 4931 4974 
2452 4863 
2453 4827 
2454 4979 
2455 4543 
2456 4301 
2457 4947 
2458 4949 
2459 4710 
2460 4847 
2461 4670 
2462 4879 
2463 4984 4790 
2464 4961 
2465 4684 
2466 4891 
2467 4939 
2468 4984 
2469 4908 
2470 4999 
2471 4962 
2472 4991 
2473 4301 
2474 4935 
2475 4924 
2476 4726 
2477 4992 
2478 4949 
2479 4989 
2480 4624 
2481 4494 
2482 4827 
2483 4860 
2484 4960 4965 
2485 4981 
2486 4887 
2487 4931 
2488 4891 5000 
2489 4994 
2490 4844 
2491 4952 4981 
2492 4994 
2493 4960 
2494 4976 
2495 4906 
2496 4861 
2497 4942 
2498 4955 
2499 4494 
2500 4935 
2501 4955 
2502 4955 
2503 4847 
2504 4998 
2505 4534 
2506 4543 
2507 4997 
2508 4543 
2509 4684 
2510 4684 
2511 4796 
2512 4847 
2513 4590 
2514 4908 
2515 4874 
2516 4952 
2517 4681 
2518 4931 
2519 4863 
2520 4807 
2521 4947 
2522 4974 
2523 4949 
2524 4847 
2525 4962 
2526 4879 
2527 4923 
2528 4946 
2529 4801 
2530 4904 
2531 4998 
2532 4540 
2533 4908 
2534 4847 
2535 4494 
2536 4944 4790 
2537 4945 
2538 4935 4794 
2539 4949 
2540 4938 
2541 4938 
2542 4952 
2543 4998 
2544 4952 
2545 4998 
2546 4874 
2547 4879 
2548 4992 
2549 4406 
2550 4887 
2551 4948 
2552 4908 
2553 4796 
2554 4808 
2555 4975 
2556 4955 
2557 4847 
2558 4757 
2559 4355 4979 
2560 4310 
2561 4714 
2562 4959 4827 
2563 4893 
2564 4955 
2565 4947 
2566 4963 
2567 4960 
2568 4788 4804 
2569 4948 
2570 4935 
2571 4961 
2572 4920 
2573 4794 
2574 4778 
2575 4803 
2576 4939 
2577 4807 
2578 4948 
2579 4712 
2580 4992 
2581 4984 
2582 4867 
2583 4975 
2584 4955 
2585 4355 
2586 4827 
2587 4887 
2588 4955 
2589 4543 
2590 4991 4979 
2591 4960 
2592 4712 4738 
2593 4955 
2594 4684 
2595 4955 4867 
2596 4874 
2597 4999 
2598 4788 
2599 4788 
2600 4822 
2601 4811 
2602 4961 
2603 4991 
2604 2922 
2605 4802 
2606 4866 
2607 4801 4882 
2608 4887 
2609 4960 
2610 4963 4965 
2611 4882 
2612 4494 
2613 4967 
2614 4796 
2615 4807 
2616 4984 
2617 4790 
2618 4931 
2619 4924 
2620 4997 4973 
2621 4963 
2622 4355 
2623 4933 
2624 4451 
2625 4963 
2626 4908 
2627 4949 
2628 4908 
2629 4963 
2630 4997 
2631 4931 
2632 4684 
2633 4965 
2634 4543 
2635 4847 
2636 4947 
2637 4887 
2638 4879 
2639 4948 
2640 4904 
2641 4720 
2642 4908 
2643 4477 
2644 4788 
2645 4955 
2646 4920 
2647 4959 
2648 4933 
2649 4802 
2650 4788 
2651 4994 
2652 4863 
2653 4804 
2654 4970 
2655 4908 
2656 4991 
2657 4726 
2658 4949 
2659 4355 
2660 4959 
2661 4923 
2662 4794 
2663 4970 
2664 4807 
2665 4467 4866 
2666 4906 
2667 5000 
2668 4974 
2669 4991 
2670 4949 
2671 4801 
2672 4860 
2673 4931 
2674 4973 
2675 4847 
2676 4757 
2677 4908 
2678 4494 
2679 4778 4967 
2680 4923 
2681 4543 
2682 4906 
2683 4874 
2684 4963 
2685 4948 
2686 4061 
2687 4494 
2688 4301 
2689 4989 
2690 4879 
2691 4061 4624 
2692 4984 
2693 4946 
2694 4960 
2695 4898 
2696 4781 
2697 4804 
2698 4920 
2699 4908 
2700 4467 
2701 4967 4714 
2702 4908 
2703 4863 
2704 4948 
2705 4726 
2706 4964 
2707 4803 2922 
2708 4882 
2709 4887 
2710 4999 
2711 4992 
2712 4562 4866 
2713 4908 
2714 4942 4802 
2715 4959 
2716 4726 
2717 4906 
2718 4827 
2719 4999 
2720 4684 
2721 4924 4992 
2722 4965 
2723 4959 
2724 4970 
2725 4543 
2726 4803 
2727 4991 
2728 4947 
2729 4939 
2730 4998 
2731 4961 
2732 4686 
2733 4989 4974 
2734 4863 
2735 4974 
2736 4660 
2737 4931 
2738 4970 
2739 4975 
2740 4949 
2741 4874 
2742 4904 
2743 4660 
2744 4999 
2745 4827 
2746 4992 
2747 4645 
2748 4908 
2749 4451 
2750 4710 
2751 4710 
2752 4992 
2753 4997 
2754 4590 
2755 4720 
2756 4994 
2757 4874 4462 
2758 4908 
2759 4938 
2760 4684 
2761 4543 
2762 4628 
2763 4949 
2764 4997 
2765 4906 4923 
2766 4967 
2767 4788 
2768 4984 
2769 4712 
2770 4920 
2771 4991 4967 
2772 4965 
2773 4955 
2774 4543 
2775 4906 
2776 4896 4962 
2777 4970 4946 
2778 4998 
2779 4908 
2780 4686 
2781 4061 
2782 4933 
2783 4355 
2784 4863 4988 
2785 4778 
2786 4861 
2787 4984 4301 
2788 4974 
2789 4720 
2790 4355 
2791 4647 
2792 4355 
2793 4562 
2794 4802 
2795 4061 
2796 4974 
2797 4964 
2798 4959 
2799 4999 
2800 4628 
2801 4920 
2802 4867 
2803 4590 
2804 4863 
2805 4879 
2806 4757 
2807 4467 
2808 4999 
2809 4863 
2810 4863 
2811 4670 
2812 4879 
2813 4301 
2814 4684 
2815 4778 
2816 4952 
2817 4964 
2818 4992 
2819 4624 
2820 4992 
2821 4948 
2822 4887 
2823 4975 
2824 4896 
2825 4994 
2826 4808 
2827 4931 
2828 4904 
2829 4908 
2830 4310 
2831 4976 
2832 4963 
2833 4561 
2834 4975 
2835 4959 
2836 4781 
2837 4624 
2838 4778 
2839 4964 
2840 4991 
2841 4879 
2842 4964 
2843 4686 
2844 4938 
2845 4887 
2846 4991 
2847 4863 
2848 4970 
2849 4999 
2850 4807 
2851 4790 
2852 4896 
2853 4796 
2854 4948 
2855 4804 
2856 4994 
2857 4867 
2858 4887 
2859 4863 
2860 4970 
2861 4946 
2862 4970 
2863 4847 
2864 4959 
2865 5000 
2866 4933 
2867 4960 
2868 4949 
2869 4778 
2870 4543 
2871 4684 
2872 4887 
2873 4908 
2874 4621 
2875 4467 
2876 4726 
2877 4778 
2878 4946 
2879 4467 
2880 4355 
2881 4992 
2882 4860 
2883 4628 
2884 4964 
2885 4999 4847 
2886 4942 
2887 4891 
2888 4647 
2889 4946 
2890 4964 
2891 4827 
2892 4827 
2893 4973 
2894 4933 
2895 4808 
2896 4790 
2897 4997 4931 
2898 4827 
2899 4802 
2900 4887 
2901 4879 
2902 4931 
2903 4822 
2904 4893 
2905 4992 
2906 4061 4720 
2907 4796 
2908 4992 
2909 4908 
2910 4686 
2911 4992 
2912 4893 
2913 4998 
2914 4794 
2915 4948 
2916 4778 4955 
2917 4959 
2918 4543 
2919 4714 
2920 4879 
2921 4949 
2922 2922 
2923 4647 
2924 4920 4962 
2925 4301 
2926 4935 4355 
2927 4955 
2928 4882 
2929 4988 
2930 4946 
2931 4451 
2932 4621 
2933 4923 
2934 4975 4310 
2935 4976 
2936 4861 
2937 4997 
2938 4790 
2939 4944 
2940 4847 
2941 4860 4781 
2942 4893 
2943 4931 
2944 4879 
2945 4628 
2946 4624 
2947 4866 
2948 4198 
2949 4952 
2950 4964 
2951 4867 
2952 4967 
2953 4974 
2954 4355 
2955 4948 
2956 4301 
2957 4955 
2958 4590 
2959 4923 
2960 4945 
2961 4847 
2962 4844 
2963 4999 
2964 4355 
2965 4866 
2966 4908 
2967 4061 
2968 4955 
2969 4961 
2970 4935 
2971 4891 
2972 4997 
2973 4999 4807 
2974 4952 
2975 4808 
2976 4898 
2977 4562 
2978 4973 
2979 4938 
2980 4999 
2981 4778 4923 
2982 4647 
2983 4494 
2984 4944 
2985 4992 4827 
2986 4994 4590 
2987 4920 
2988 4959 
2989 4624 
2990 4807 
2991 4906 4896 
2992 4979 
2993 4959 
2994 4945 
2995 4967 
2996 4804 
2997 4955 
2998 4988 
2999 4942 
3000 4997 4645 
3001 4847 
3002 4310 
3003 4301 
3004 4808 
3005 4962 
3006 4807 
3007 4964 
3008 4893 
3009 4976 
3010 4794 
3011 4451 
3012 4945 
3013 4908 
3014 4198 
3015 4860 
3016 4790 
3017 4562 
3018 4355 
3019 4975 
3020 4973 4686 
3021 4963 4984 
3022 4989 
3023 4970 
3024 4981 
3025 4714 
3026 4933 
3027 4790 
3028 4628 
3029 4960 4863 
3030 4933 4946 
3031 4955 
3032 4949 
3033 4714 
3034 4976 
3035 4802 
3036 4660 
3037 4355 
3038 4738 
3039 4961 
3040 4984 
3041 4738 
3042 4948 4991 
3043 4406 
3044 4543 
3045 4061 
3046 4863 
3047 4976 
3048 4863 
3049 4887 
3050 4952 
3051 4989 
3052 4847 
3053 4561 
3054 4534 
3055 4948 
3056 4933 
3057 4624 
3058 4301 
3059 4807 
3060 4684 2922 
3061 4999 
3062 4952 
3063 4960 4974 
3064 4867 
3065 4494 
3066 4714 
3067 4827 
3068 4998 
3069 4887 
3070 4904 
3071 4997 
3072 4992 
3073 4456 
3074 4801 
3075 4973 
3076 4999 
3077 4893 4999 
3078 4964 
3079 4963 
3080 4933 
3081 4952 
3082 4301 
3083 4406 
3084 4979 
3085 4981 4967 
3086 4494 4811 
3087 4924 
3088 4976 
3089 4975 4946 
3090 4973 
3091 4955 
3092 4964 
3093 4984 
3094 4975 
3095 4860 
3096 4961 
3097 4827 
3098 4975 
3099 4977 
3100 4923 
3101 4938 
3102 4994 
3103 4908 
3104 5000 
3105 4944 
3106 4543 
3107 4494 4964 
3108 4887 
3109 4989 
3110 4952 
3111 4994 4948 
3112 4867 4301 
3113 4979 
3114 4959 
3115 4807 
3116 4310 4999 
3117 4811 
3118 4827 4624 
3119 4540 
3120 4964 
3121 4946 
3122 4778 4847 
3123 4301 
3124 4946 
3125 4946 
3126 4931 
3127 4946 
3128 4660 
3129 4726 
3130 4908 
3131 4999 
3132 4906 
3133 4794 4904 
3134 4931 
3135 5000 
3136 4981 
3137 5000 
3138 4992 
3139 4963 4945 
3140 4945 
3141 4948 
3142 4543 
3143 4796 
3144 4778 
3145 4788 
3146 4970 
3147 4992 
3148 4924 
3149 4061 
3150 4543 4973 
3151 4970 
3152 4952 
3153 4965 
3154 4923 
3155 4988 
3156 4896 
3157 4710 
3158 4994 
3159 4998 
3160 4992 
3161 4861 
3162 4802 
3163 4931 
3164 4988 
3165 4947 
3166 4959 
3167 4970 
3168 4994 
3169 4999 
3170 4802 
3171 4955 4960 
3172 4946 
3173 4893 
3174 4999 
3175 4965 
3176 4991 
3177 4960 
3178 4924 
3179 4670 
3180 4866 
3181 4822 
3182 4863 
3183 4946 
3184 4867 
3185 4977 4976 
3186 4808 
3187 4738 
3188 4908 
3189 4989 
3190 4946 
3191 4543 
3192 4908 
3193 4948 
3194 4991 
3195 4994 
3196 4908 
3197 4908 
3198 4992 
3199 4973 
3200 4861 
3201 4860 
3202 4952 
3203 4908 
3204 4863 
3205 4931 
3206 4924 
3207 4802 
3208 4923 
3209 4923 
3210 4867 4061 
3211 4924 
3212 4647 
3213 4896 
3214 4933 
3215 4976 
3216 4947 
3217 4628 4882 
3218 4997 
3219 4948 
3220 4456 
3221 4961 
3222 4790 
3223 4794 
3224 4301 
3225 4992 
3226 4738 
3227 4920 
3228 5000 
3229 4952 
3230 4923 
3231 4955 
3232 4863 4973 
3233 4920 
3234 4992 
3235 4543 
3236 4981 
3237 4999 
3238 4804 
3239 4802 
3240 4561 
3241 4844 
3242 4467 
3243 4684 
3244 4952 
3245 4896 
3246 4796 
3247 4949 
3248 4960 
3249 4562 
3250 4994 
3251 4807 
3252 4947 
3253 4939 
3254 4955 
3255 4944 
3256 4860 
3257 4939 
3258 4543 
3259 4891 
3260 4543 4670 
3261 4847 
3262 4804 
3263 4991 
3264 4976 4952 
3265 4947 
3266 4628 
3267 4994 4992 
3268 4847 
3269 4847 4906 
3270 4590 
3271 4920 
3272 4948 
3273 4976 
3274 4992 4997 
3275 4621 
3276 4974 
3277 4804 
3278 4908 
3279 4757 
3280 4807 
3281 4988 
3282 4970 4757 
3283 4945 
3284 4988 
3285 4867 
3286 4906 
3287 4931 
3288 4923 4908 
3289 4590 
3290 4992 
3291 4684 
3292 4955 
3293 4788 
3294 4964 
3295 4976 
3296 4467 
3297 4984 
3298 4984 
3299 4807 
3300 4948 
3301 4778 5000 
3302 4952 
3303 4406 
3304 4844 
3305 4959 
3306 4960 
3307 3874 4963 
3308 4935 
3309 4965 
3310 4543 
3311 4879 
3312 5000 
3313 4908 4801 
3314 4935 
3315 4998 
3316 4970 
3317 4684 
3318 4896 
3319 4788 
3320 4952 4898 
3321 4898 
3322 4896 
3323 4790 
3324 4970 
3325 4624 5000 
3326 4543 
3327 4061 
3328 4976 4866 
3329 4920 
3330 4923 
3331 4893 
3332 4997 
3333 4543 
3334 4494 
3335 4867 
3336 4355 
3337 4945 
3338 4645 
3339 4908 
3340 4778 
3341 4946 
3342 4898 
3343 4874 
3344 4933 
3345 4964 
3346 4811 
3347 4991 
3348 4898 
3349 4590 
3350 4355 
3351 4946 
3352 4827 
3353 4712 
3354 4867 
3355 4931 4887 
3356 4796 
3357 4462 
3358 4355 
3359 4960 
3360 5000 
3361 4976 
3362 4310 
3363 4684 
3364 4860 
3365 4543 
3366 4949 4999 
3367 4955 
3368 4946 
3369 4822 
3370 4959 
3371 4997 
3372 4628 
3373 4406 
3374 4874 4975 
3375 4808 
3376 4935 
3377 4801 
3378 4198 4981 
3379 4949 
3380 4712 
3381 4970 
3382 4494 
3383 4807 
3384 4494 
3385 4952 
3386 3874 4964 
3387 4999 
3388 4844 
3389 4991 
3390 4543 
3391 4970 
3392 4896 
3393 4949 
3394 4860 
3395 4355 
3396 4562 
3397 4891 
3398 4994 
3399 4967 
3400 4863 
3401 4790 4796 
3402 4874 
3403 4931 
3404 4975 
3405 4992 
3406 4867 4965 
3407 4684 
3408 4684 
3409 4590 4997 
3410 4945 
3411 3874 
3412 4964 
3413 4963 
3414 4988 
3415 4645 
3416 4804 
3417 4790 
3418 4790 
3419 4959 
3420 4931 
3421 4998 
3422 4562 
3423 4908 
3424 4804 
3425 4947 
3426 4686 
3427 4670 
3428 4961 4970 
3429 4963 
3430 4946 
3431 4778 
3432 4645 
3433 4738 
3434 4963 
3435 4947 
3436 4790 
3437 4827 
3438 4965 
3439 4946 
3440 4946 
3441 4947 
3442 4961 
3443 4061 
3444 4896 
3445 4906 
3446 4908 
3447 4061 
3448 4628 
3449 4908 
3450 4628 
3451 4962 
3452 4959 
3453 4976 
3454 4960 
3455 4965 
3456 4963 
3457 4970 
3458 4981 
3459 4301 
3460 4984 
3461 4355 
3462 4807 4686 
3463 4933 
3464 4467 
3465 4866 
3466 4712 
3467 4962 
3468 4946 
3469 4879 
3470 4961 
3471 4989 
3472 4879 
3473 4788 
3474 4931 
3475 4967 
3476 4959 
3477 4947 
3478 4494 
3479 4955 
3480 4301 
3481 4908 
3482 4988 
3483 4847 4924 
3484 4908 
3485 4908 
3486 4861 
3487 4944 
3488 4999 4979 
3489 4975 
3490 4540 
3491 4994 
3492 4994 
3493 4989 
3494 4624 
3495 4757 
3496 4621 
3497 4981 4863 
3498 4879 
3499 4960 4866 
3500 4494 
3501 4946 
3502 4949 
3503 4952 4822 
3504 4860 
3505 4981 4933 
3506 4998 
3507 4959 
3508 4975 
3509 4710 
3510 4955 
3511 4962 
3512 4712 
3513 4534 
3514 4994 
3515 4827 
3516 4198 
3517 4781 4802 
3518 4301 4562 
3519 4803 
3520 4847 
3521 4960 
3522 4540 
3523 4960 
3524 4920 
3525 4948 
3526 4628 
3527 4946 
3528 4590 
3529 4998 
3530 4933 
3531 4494 
3532 4628 
3533 4301 4933 
3534 4994 
3535 4931 
3536 4720 
3537 4590 
3538 4788 
3539 4947 4970 
3540 4984 
3541 4992 
3542 4981 
3543 4923 
3544 4355 
3545 4590 4981 
3546 4794 
3547 4974 
3548 4867 
3549 4992 4879 
3550 4462 
3551 5000 
3552 4355 
3553 4887 
3554 4961 
3555 4952 
3556 4981 
3557 4908 
3558 4796 
3559 4801 
3560 4988 
3561 4961 
3562 4860 
3563 4979 
3564 4977 
3565 4965 
3566 4887 
3567 4822 
3568 4979 
3569 4946 
3570 4998 
3571 4801 
3572 4887 
3573 4494 4948 
3574 4896 
3575 4976 
3576 4989 
3577 4684 
3578 4585 
3579 4924 
3580 4991 
3581 4952 
3582 4924 
3583 4628 
3584 4670 
3585 4946 
3586 4975 
3587 4952 
3588 4960 
3589 4879 
3590 4946 
3591 4965 
3592 4863 
3593 4955 
3594 4970 
3595 4970 
3596 4923 
3597 4970 4866 
3598 4923 
3599 4906 
3600 4946 
3601 4992 
3602 4887 
3603 4998 
3604 4997 
3605 5000 
3606 4997 
3607 4621 4962 
3608 4946 
3609 4991 
3610 4867 
3611 4939 
3612 4931 
3613 4406 
3614 4844 
3615 4804 
3616 4863 
3617 4942 
3618 4960 
3619 4808 
3620 4994 
3621 4961 
3622 4827 
3623 4942 4904 
3624 4893 
3625 4891 
3626 4944 
3627 4860 
3628 4976 
3629 4879 
3630 4898 
3631 4543 
3632 4847 
3633 4660 
3634 4590 
3635 4660 
3636 4534 
3637 4807 4681 
3638 4301 
3639 4540 
3640 4961 
3641 4301 
3642 4965 
3643 4887 
3644 4827 
3645 4808 
3646 4935 
3647 4660 
3648 4961 
3649 4933 
3650 4807 
3651 4543 
3652 4938 
3653 4310 
3654 4994 
3655 4933 
3656 4988 
3657 4942 
3658 4931 
3659 4882 
3660 4984 
3661 4543 
3662 4794 
3663 4962 4989 
3664 4967 
3665 4670 
3666 4976 
3667 4908 
3668 4908 4904 
3669 4997 
3670 4494 
3671 4952 
3672 4975 
3673 4811 
3674 4198 
3675 4994 
3676 4891 
3677 4790 
3678 4947 
3679 4973 
3680 4543 
3681 4949 
3682 4947 
3683 4796 
3684 4684 
3685 4781 
3686 4781 
3687 4946 
3688 4923 
3689 4906 4462 
3690 4720 
3691 4624 
3692 4984 
3693 4807 
3694 4494 
3695 4906 
3696 4949 4959 
3697 4714 
3698 4931 4804 
3699 4908 
3700 4898 
3701 4947 
3702 4920 
3703 4590 4860 
3704 4456 
3705 4844 
3706 4355 
3707 4992 
3708 4952 
3709 4967 
3710 4879 
3711 4710 
3712 4456 
3713 4970 
3714 4807 
3715 4991 
3716 4920 
3717 4867 
3718 4906 
3719 4933 
3720 4628 
3721 5000 
3722 4992 
3723 4931 
3724 3874 
3725 4310 
3726 4984 
3727 4882 4979 
3728 4946 
3729 4790 
3730 4827 
3731 4562 
3732 4959 
3733 4997 
3734 4808 4944 
3735 4988 
3736 4924 
3737 4879 
3738 4965 
3739 4977 
3740 4976 
3741 4997 
3742 4879 
3743 4301 
3744 4955 
3745 4788 
3746 4933 4904 
3747 4310 
3748 4963 
3749 4999 
3750 4988 
3751 4976 
3752 4994 
3753 4794 
3754 4624 
3755 4975 
3756 4960 
3757 4904 
3758 4939 4931 
3759 4301 
3760 4920 4802 
3761 4804 
3762 4949 
3763 4920 
3764 4945 
3765 4967 
3766 4720 
3767 4562 4788 
3768 4963 
3769 4939 
3770 4628 4963 
3771 4757 
3772 4879 
3773 4960 
3774 4355 4931 
3775 4684 
3776 4827 
3777 4628 
3778 4994 
3779 4790 
3780 4970 
3781 4998 
3782 4861 
3783 4967 
3784 4908 
3785 4964 
3786 4904 
3787 4923 
3788 4684 
3789 4976 
3790 4999 
3791 4807 
3792 4720 
3793 4808 
3794 4973 
3795 4893 
3796 4451 
3797 4976 
3798 4920 
3799 4948 
3800 4939 
3801 4898 
3802 4301 4994 
3803 4621 
3804 4908 
3805 4462 4451 
3806 4964 
3807 4931 
3808 4906 
3809 4991 4981 
3810 4802 
3811 4301 
3812 4961 
3813 4970 
3814 4944 
3815 4808 
3816 4670 
3817 4628 
3818 4945 
3819 4999 
3820 4920 
3821 4959 
3822 4863 
3823 4887 
3824 4984 
3825 4988 
3826 4994 
3827 4712 
3828 4967 
3829 4975 
3830 4965 
3831 4301 
3832 4998 
3833 4935 
3834 4981 
3835 4887 
3836 4946 
3837 4920 
3838 4562 
3839 4714 
3840 4933 
3841 4882 
3842 4933 
3843 4803 
3844 4961 
3845 4847 
3846 4896 
3847 4965 
3848 4757 
3849 4863 
3850 4684 
3851 4822 
3852 4906 
3853 4946 4494 
3854 4827 
3855 4310 
3856 4406 
3857 4494 
3858 4714 4628 
3859 4790 
3860 4991 
3861 4778 
3862 4988 
3863 4790 
3864 4965 4827 
3865 4896 
3866 4670 
3867 4456 
3868 4988 
3869 4778 
3870 4947 
3871 4301 4882 
3872 4543 
3873 4867 
3874 3874 
3875 4997 
3876 4981 
3877 4540 
3878 4981 
3879 4882 4923 
3880 4904 
3881 4935 
3882 4998 4628 
3883 4811 
3884 4984 
3885 4540 
3886 4992 
3887 4944 
3888 4807 
3889 4543 
3890 4802 
3891 4933 
3892 4960 
3893 4803 4952 
3894 4991 
3895 4670 
3896 4670 
3897 4406 
3898 4310 
3899 4301 
3900 4561 4977 
3901 4981 
3902 4973 
3903 4801 
3904 4998 4952 
3905 4997 
3906 4933 
3907 4952 
3908 4962 
3909 4977 
3910 4975 
3911 4998 
3912 4757 
3913 4803 
3914 4827 
3915 4543 
3916 4624 
3917 4955 4999 
3918 4863 
3919 4896 
3920 4999 
3921 4827 
3922 4994 
3923 4790 
3924 4781 
3925 4790 
3926 4867 
3927 4998 
3928 4963 
3929 4947 
3930 4946 
3931 4999 
3932 4898 
3933 4790 
3934 4844 
3935 4860 
3936 4467 
3937 4981 
3938 4999 
3939 4942 
3940 4904 4975 
3941 4948 
3942 4955 
3943 4887 
3944 4822 
3945 4628 
3946 4904 
3947 4960 
3948 4867 
3949 4811 
3950 4931 
3951 4681 
3952 4896 4714 
3953 4847 
3954 4949 
3955 4301 
3956 4981 4893 
3957 4946 
3958 4477 
3959 4923 
3960 4908 4540 
3961 4844 
3962 4647 
3963 4999 
3964 4961 
3965 4681 
3966 4948 
3967 4920 
3968 4904 
3969 4898 
3970 4781 
3971 4684 
3972 4908 
3973 4977 4802 
3974 4994 
3975 4965 
3976 4933 
3977 4874 
3978 4979 
3979 4963 
3980 4686 
3981 4561 
3982 4959 
3983 4948 
3984 4977 
3985 4992 
3986 4451 
3987 4462 4624 
3988 4952 4935 
3989 4998 
3990 4933 
3991 4301 
3992 4906 
3993 4965 
3994 4621 
3995 4686 
3996 4896 
3997 4923 
3998 4994 
3999 4975 4999 
4000 4879 
4001 4896 
4002 4893 
4003 4844 
4004 2922 4061 
4005 4310 
4006 4931 
4007 3874 
4008 4543 
4009 4933 
4010 4794 4726 
4011 4952 
4012 4879 
4013 4887 
4014 4984 
4015 4933 
4016 4999 
4017 4920 
4018 4301 
4019 4355 4955 
4020 4562 
4021 4931 
4022 4647 
4023 4989 
4024 4790 
4025 4998 
4026 4999 
4027 4984 
4028 4967 4948 
4029 4988 
4030 4477 
4031 4590 
4032 4887 
4033 4959 4891 
4034 4778 
4035 4543 4961 
4036 4860 
4037 4712 
4038 4827 
4039 4301 
4040 4860 
4041 4585 
4042 4999 
4043 4963 
4044 4964 4863 
4045 4946 
4046 4955 4945 
4047 4301 
4048 4355 
4049 4624 
4050 4844 
4051 4997 
4052 4974 
4053 4946 
4054 4967 
4055 4923 
4056 4726 
4057 4939 4998 
4058 4965 
4059 4684 
4060 4822 
4061 4061 
4062 4861 
4063 4803 
4064 4938 
4065 4949 
4066 4920 
4067 4861 
4068 4355 
4069 4807 
4070 4933 
4071 4939 
4072 4964 
4073 4803 
4074 4970 
4075 4965 
4076 4355 
4077 4981 
4078 4964 
4079 4863 
4080 4947 
4081 4803 
4082 4738 
4083 4984 
4084 4807 
4085 4904 
4086 4977 
4087 4624 
4088 4844 
4089 4863 
4090 4781 
4091 4946 
4092 4710 
4093 4988 
4094 4310 
4095 4804 
4096 4933 
4097 4970 
4098 4896 
4099 4984 
4100 4494 
4101 4967 
4102 4981 
4103 4935 
4104 4999 
4105 4964 
4106 4562 
4107 4923 
4108 4788 
4109 4962 
4110 4861 
4111 4933 
4112 4931 4955 
4113 4561 4720 
4114 4992 
4115 4924 
4116 4827 
4117 4684 
4118 4301 
4119 4621 
4120 4355 
4121 4979 
4122 4989 
4123 4944 
4124 4952 
4125 4882 
4126 4808 
4127 4827 
4128 4908 
4129 4977 4355 
4130 4898 
4131 2922 
4132 4946 
4133 4310 
4134 5000 
4135 4908 4952 
4136 4543 
4137 2922 
4138 4920 
4139 4061 
4140 4807 
4141 4948 
4142 4867 
4143 4467 
4144 4997 4778 
4145 4908 4924 
4146 4991 
4147 4891 
4148 4992 
4149 4952 
4150 4963 
4151 4989 
4152 4997 4981 
4153 4967 
4154 4991 
4155 4920 4720 
4156 4924 
4157 4959 
4158 4451 
4159 4867 
4160 4997 
4161 4863 
4162 4997 
4163 4788 
4164 4999 
4165 4949 
4166 4301 
4167 4949 
4168 4908 
4169 4628 4879 
4170 4355 
4171 4948 
4172 4714 
4173 4456 
4174 4790 
4175 4624 4494 
4176 4561 
4177 4796 4807 
4178 4860 
4179 4863 
4180 4451 
4181 4807 
4182 4355 
4183 4887 
4184 4827 
4185 4949 
4186 4975 
4187 4920 
4188 4964 
4189 4061 
4190 4939 
4191 4822 
4192 4887 4967 
4193 4955 
4194 4946 4964 
4195 4970 
4196 4561 
4197 4624 
4198 4198 
4199 4984 
4200 4992 
4201 4973 
4202 4757 
4203 4790 
4204 4997 
4205 4847 
4206 4621 
4207 4952 
4208 4712 
4209 4999 4947 
4210 4994 
4211 4714 
4212 4494 
4213 4933 
4214 4543 
4215 4874 
4216 4540 
4217 4543 
4218 4406 
4219 4801 
4220 4999 
4221 4808 
4222 4955 
4223 4621 
4224 4991 
4225 4984 
4226 4887 
4227 4975 
4228 4908 
4229 4827 
4230 4898 
4231 4955 
4232 4923 
4233 4967 
4234 4660 
4235 4720 
4236 4686 
4237 4977 
4238 4778 
4239 4847 
4240 4887 
4241 4628 
4242 4967 
4243 4781 4970 
4244 4988 
4245 4628 
4246 4974 
4247 4992 
4248 4866 
4249 4712 
4250 4939 
4251 4788 
4252 4948 
4253 4920 
4254 4860 
4255 4959 
4256 4585 
4257 4738 4882 
4258 4924 
4259 4991 
4260 4726 
4261 4945 
4262 4999 
4263 4647 
4264 4198 
4265 4924 
4266 4714 
4267 4906 
4268 4970 
4269 4804 
4270 4945 
4271 4802 
4272 4811 
4273 4887 
4274 4931 
4275 4931 
4276 4963 
4277 4973 
4278 4720 
4279 4712 
4280 4976 
4281 4920 
4282 4802 
4283 4822 4994 
4284 4893 
4285 4989 
4286 4796 
4287 4933 
4288 4975 4301 
4289 4543 
4290 4628 
4291 4807 
4292 4948 
4293 4963 
4294 4477 
4295 4686 
4296 4301 
4297 4562 
4298 4811 
4299 4952 
4300 4981 
4301 4301 
4302 4976 
4303 4977 
4304 4802 
4305 4543 
4306 4628 
4307 4621 
4308 4952 
4309 4847 
4310 4310 
4311 4540 
4312 4933 
4313 4624 
4314 4896 4847 
4315 4946 
4316 4973 4585 
4317 4908 
4318 4949 
4319 4988 4961 
4320 4681 
4321 4997 
4322 4965 
4323 4997 
4324 4964 
4325 4801 
4326 4924 
4327 4681 4963 
4328 4847 
4329 4714 4931 
4330 4924 
4331 4456 
4332 4973 
4333 4960 
4334 4959 
4335 4406 4948 
4336 4955 4984 
4337 4904 
4338 4992 
4339 4726 
4340 4955 
4341 4590 
4342 4874 
4343 4585 
4344 4944 
4345 4494 
4346 4860 
4347 4807 
4348 4534 
4349 4997 
4350 4301 
4351 4406 
4352 4827 4867 
4353 4061 
4354 4920 
4355 4355 
4356 4984 
4357 4981 
4358 2922 
4359 4949 
4360 4645 4860 
4361 4860 
4362 4967 
4363 4944 4939 
4364 4726 
4365 4807 
4366 4863 
4367 4947 
4368 4796 
4369 5000 
4370 4931 
4371 4310 
4372 4945 
4373 4967 
4374 4960 
4375 4964 
4376 4494 
4377 4960 
4378 4988 
4379 4935 4959 
4380 4844 
4381 4827 
4382 4964 
4383 4645 
4384 4847 
4385 4590 
4386 4999 
4387 4963 
4388 4964 
4389 4788 
4390 4994 
4391 4887 
4392 4975 4811 
4393 4964 
4394 4628 4955 
4395 4467 
4396 4923 
4397 4979 
4398 4624 
4399 4790 
4400 4952 
4401 4960 
4402 4796 
4403 4867 
4404 4882 
4405 4970 
4406 4406 
4407 4908 
4408 4981 
4409 4794 
4410 4061 
4411 4887 
4412 4924 
4413 4997 
4414 4686 4803 
4415 4997 4942 
4416 4964 
4417 4961 4942 
4418 4931 
4419 4962 
4420 4989 
4421 4891 
4422 4788 
4423 4738 
4424 4801 
4425 4781 
4426 4898 
4427 4827 4879 
4428 4796 
4429 4949 
4430 4947 
4431 4494 
4432 4920 
4433 4961 
4434 4962 
4435 4984 
4436 4561 
4437 4827 
4438 4712 
4439 4984 
4440 4808 
4441 4931 
4442 4790 
4443 4948 
4444 4989 
4445 4686 
4446 4624 
4447 4660 
4448 4939 
4449 4938 
4450 4451 
4451 4451 
4452 4923 
4453 4931 
4454 4974 
4455 4970 
4456 4456 
4457 4999 
4458 4562 
4459 4670 
4460 4807 
4461 4946 
4462 4462 
4463 4975 
4464 4961 
4465 4952 
4466 4981 
4467 4467 
4468 4543 
4469 4794 
4470 4988 4794 
4471 4965 4997 
4472 4908 
4473 4991 
4474 4976 
4475 4882 
4476 4860 
4477 4477 
4478 4989 
4479 4981 
4480 4788 4938 
4481 4477 
4482 4908 
4483 4997 
4484 4942 
4485 4960 
4486 4931 
4487 4931 4406 
4488 4494 
4489 4947 
4490 4984 
4491 4628 
4492 4946 
4493 4720 
4494 4494 
4495 4935 
4496 4975 
4497 4959 
4498 4807 4965 
4499 4991 
4500 4923 
4501 4975 
4502 3874 
4503 4456 4963 
4504 4847 
4505 4778 
4506 4976 
4507 4670 
4508 4994 
4509 4896 4964 
4510 4949 
4511 4923 
4512 4949 
4513 4974 
4514 4893 
4515 4948 
4516 4948 
4517 4999 
4518 4710 
4519 4684 4946 
4520 4590 
4521 4946 4451 
4522 4874 
4523 4908 
4524 4949 4494 
4525 4998 
4526 4898 
4527 4860 4931 
4528 4355 
4529 4794 
4530 4947 
4531 4861 
4532 4945 
4533 4561 
4534 4534 
4535 4406 
4536 4628 
4537 4947 
4538 4908 
4539 4861 
4540 4540 
4541 4992 
4542 4861 
4543 4543 
4544 4967 
4545 4790 
4546 4866 
4547 4681 
4548 4933 4893 
4549 4796 
4550 4844 4863 
4551 4945 
4552 4991 
4553 4999 
4554 4977 
4555 4879 
4556 4726 
4557 4863 
4558 4973 
4559 4944 
4560 4621 
4561 4561 
4562 4562 
4563 4827 
4564 4803 
4565 4827 
4566 4891 
4567 4967 
4568 4961 
4569 4984 
4570 4945 
4571 4973 
4572 4790 
4573 4992 
4574 4847 
4575 4920 
4576 4991 
4577 4955 
4578 4355 
4579 4887 
4580 4920 
4581 4960 
4582 4920 
4583 4621 
4584 4847 
4585 4585 
4586 4827 4924 
4587 4562 
4588 4710 
4589 4714 
4590 4590 
4591 4931 
4592 4788 
4593 4720 
4594 4979 
4595 4938 
4596 4935 
4597 4984 4778 
4598 4970 
4599 4788 
4600 4908 4949 
4601 4621 
4602 4946 4896 
4603 4788 
4604 4977 
4605 4904 
4606 4494 
4607 4997 
4608 4891 
4609 4628 
4610 4959 
4611 4788 4955 
4612 4882 
4613 4948 4467 
4614 4974 4847 
4615 4984 
4616 4908 
4617 4997 
4618 4847 
4619 4863 
4620 4879 
4621 4621 
4622 4999 
4623 4867 
4624 4624 
4625 4467 
4626 4981 
4627 4811 
4628 4628 
4629 4726 
4630 4790 4355 
4631 4967 4887 
4632 4961 
4633 4984 
4634 4984 4997 
4635 4879 
4636 4896 
4637 4896 
4638 4952 
4639 4712 
4640 4562 
4641 4948 4984 
4642 5000 
4643 4781 
4644 4803 
4645 4645 
4646 4931 
4647 4647 
4648 4893 
4649 4778 4847 
4650 4882 
4651 4952 
4652 4804 
4653 4590 
4654 4879 
4655 4628 
4656 4952 
4657 4879 
4658 4477 4984 
4659 4960 4933 
4660 4660 
4661 4863 
4662 4811 
4663 4931 
4664 4301 
4665 4863 
4666 4904 4896 
4667 4999 
4668 4867 
4669 4976 
4670 4670 
4671 4808 
4672 4451 
4673 4938 
4674 4992 
4675 4861 
4676 4975 
4677 4949 
4678 4988 
4679 4863 
4680 4984 
4681 4681 
4682 4781 
4683 4879 
4684 4684 
4685 4406 4977 
4686 4686 
4687 4970 
4688 4802 
4689 4796 
4690 4981 
4691 4933 
4692 4847 
4693 4989 
4694 4998 
4695 4866 
4696 5000 
4697 4931 
4698 4939 
4699 4998 
4700 4904 
4701 4874 
4702 4948 
4703 4976 
4704 4981 4477 
4705 4796 
4706 4790 
4707 4796 
4708 4955 
4709 4952 
4710 4710 
4711 4939 
4712 4712 
4713 4720 
4714 4714 
4715 4944 
4716 4540 4681 
4717 4896 
4718 4981 
4719 4738 
4720 4720 
4721 4933 
4722 4949 
4723 4790 
4724 4933 
4725 4844 4933 
4726 4726 
4727 4962 
4728 4790 
4729 4959 
4730 4827 
4731 4948 
4732 4935 
4733 4959 
4734 4908 
4735 4879 
4736 4945 
4737 4992 
4738 4738 
4739 4860 
4740 4999 
4741 4893 
4742 4811 
4743 4960 5000 
4744 4962 
4745 4790 
4746 4984 
4747 4686 
4748 4887 
4749 4984 
4750 4984 
4751 4804 
4752 4945 
4753 4920 4670 
4754 4804 
4755 4867 
4756 4778 
4757 4757 
4758 4879 
4759 4939 
4760 4965 
4761 4924 
4762 4961 
4763 4904 
4764 4975 
4765 4952 
4766 4976 
4767 4963 
4768 4867 
4769 4781 4991 
4770 4952 
4771 4543 
4772 4970 
4773 4778 4962 
4774 4960 
4775 4997 
4776 4863 
4777 4923 
4778 4778 
4779 4955 
4780 4976 
4781 4781 
4782 4976 
4783 4684 
4784 4949 
4785 4965 
4786 4973 
4787 4923 
4788 4788 
4789 4961 4946 
4790 4790 
4791 4994 
4792 5000 
4793 4947 4981 
4794 4794 
4795 4822 
4796 4796 
4797 4991 
4798 4994 
4799 4804 
4800 4975 
4801 4801 
4802 4802 
4803 4803 
4804 4804 
4805 4788 
4806 4494 4628 
4807 4807 
4808 4808 
4809 4935 4967 
4810 4879 
4811 4811 
4812 4976 4945 
4813 4989 
4814 4984 
4815 4807 
4816 4947 4967 
4817 4822 
4818 4981 
4819 4714 
4820 4923 
4821 4543 
4822 4822 
4823 4999 
4824 4945 
4825 4994 
4826 4543 4997 
4827 4827 
4828 4778 
4829 4997 
4830 4788 
4831 4997 
4832 4970 
4833 4933 
4834 4965 
4835 4931 
4836 4946 
4837 4543 4963 
4838 4807 4790 
4839 4999 
4840 4860 
4841 4970 
4842 5000 
4843 4923 4964 
4844 4844 
4845 5000 
4846 4952 
4847 4847 
4848 4788 
4849 4879 
4850 4948 
4851 4939 4970 
4852 4807 
4853 4462 4998 
4854 4947 
4855 4931 
4856 4960 
4857 4946 
4858 4959 
4859 4935 
4860 4860 
4861 4861 
4862 4997 
4863 4863 
4864 4989 
4865 4645 4621 
4866 4866 
4867 4867 
4868 4945 
4869 4948 
4870 4906 
4871 4962 4621 
4872 4923 
4873 4887 
4874 4874 
4875 4964 
4876 4946 
4877 4781 
4878 4827 
4879 4879 
4880 4955 
4881 4827 
4882 4882 
4883 4879 
4884 4827 
4885 4874 4931 
4886 4988 4647 
4887 4887 
4888 4973 
4889 4879 
4890 4908 
4891 4891 
4892 4967 
4893 4893 
4894 4847 
4895 4970 4628 
4896 4896 
4897 4989 
4898 4898 
4899 4961 4301 
4900 4992 
4901 4866 
4902 4997 
4903 4931 
4904 4904 
4905 4952 
4906 4906 
4907 4947 
4908 4908 
4909 4879 
4910 4989 
4911 4989 4801 
4912 4994 
4913 4827 
4914 4861 
4915 4893 
4916 4999 
4917 4847 
4918 4355 
4919 4947 
4920 4920 
4921 4991 
4922 4355 4543 
4923 4923 
4924 4924 
4925 4931 
4926 4979 
4927 4997 
4928 4997 
4929 4959 
4930 4991 
4931 4931 
4932 4962 5000 
4933 4933 
4934 4946 
4935 4935 
4936 4964 
4937 4946 
4938 4938 
4939 4939 
4940 4984 
4941 4991 
4942 4942 4908 
4943 4967 
4944 4944 
4945 4945 
4946 4946 
4947 4947 
4948 4948 
4949 4949 
4950 4984 
4951 4863 
4952 4952 
4953 4999 
4954 4959 4670 
4955 4955 
4956 4991 
4957 4970 
4958 4477 4893 
4959 4959 
4960 4960 
4961 4961 
4962 4962 
4963 4963 
4964 4964 
4965 4965 
4966 4979 
4967 4967 
4968 5000 
4969 4949 
4970 4970 
4971 4946 
4972 4955 
4973 4973 
4974 4974 
4975 4975 
4976 4976 
4977 4977 4955 
4978 4974 
4979 4979 
4980 4999 
4981 4981 
4982 4988 
4983 4964 
4984 4984 
4985 4964 
4986 4998 
4987 4964 
4988 4988 
4989 4989 
4990 4931 4827 
4991 4991 
4992 4992 
4993 4949 
4994 4994 
4995 4970 
4996 4933 4908 
4997 4997 
4998 4998 
4999 4999 
5000 5000 
