1 4819 
2 4753 
3 4671 
4 4983 
5 4629 
6 4455 
7 4804 
8 4913 
9 4849 
10 4976 
11 4969 
12 4880 
13 4706 
14 3361 
15 4894 
16 4829 4883 
17 4951 
18 4969 
19 4761 
20 4916 
21 4950 
22 4997 
23 4659 
24 4809 4763 4975 
25 4921 
26 4919 
27 4922 
28 4975 4629 
29 4753 
30 3993 
31 4896 
32 4950 
33 4942 
34 4892 
35 4966 
36 4977 
37 4762 
38 4996 
39 4367 
40 4816 
41 4925 
42 4896 
43 4925 
44 4916 
45 4913 
46 4925 
47 4969 
48 4972 
49 4908 
50 4882 
51 4913 
52 4989 
53 4983 
54 4999 
55 4977 
56 4753 
57 4993 
58 4778 4849 
59 4879 
60 4192 
61 4659 
62 4908 
63 4478 
64 4924 
65 4916 
66 4896 4184 
67 4989 4950 
68 4971 
69 4916 
70 4987 
71 4963 
72 4455 
73 4967 
74 3311 
75 1352 4897 
76 4942 
77 4184 
78 4984 
79 4933 
80 4968 
81 4990 4984 
82 4882 
83 4997 
84 3872 4753 4950 
85 4735 
86 4192 
87 3855 
88 4969 
89 4860 
90 4878 
91 4916 
92 4943 
93 4816 
94 4874 
95 4855 
96 4928 
97 4896 
98 4925 
99 4634 
100 4913 
101 4792 
102 4967 
103 4968 
104 4928 4778 4910 
105 4996 
106 4757 
107 4916 
108 4971 
109 4039 
110 4975 
111 4778 
112 4804 
113 4825 4950 4987 
114 4892 
115 4874 
116 4943 
117 4971 4958 
118 4848 
119 4848 
120 4881 4146 4650 
121 4931 
122 4943 
123 4778 
124 4586 
125 4757 4838 4943 
126 4960 
127 4629 4778 4924 
128 4980 
129 4634 
130 4969 
131 4977 
132 4910 
133 4897 4922 
134 4933 
135 4753 
136 4913 
137 4584 
138 4455 4706 
139 4896 4705 
140 4997 
141 4896 
142 4039 
143 4682 
144 4986 
145 4757 4921 
146 5000 
147 4922 
148 4965 
149 4398 
150 4763 
151 4910 
152 4790 
153 4849 4978 
154 4984 
155 4863 
156 4753 
157 4586 
158 3417 
159 4753 
160 4960 
161 4987 
162 4524 
163 4881 
164 4921 
165 4885 
166 4912 
167 4977 
168 3063 
169 4629 
170 4964 
171 3311 
172 5000 
173 4924 
174 4925 
175 4878 
176 4682 
177 4951 
178 4990 
179 4778 
180 4671 
181 4980 
182 4997 4838 4896 
183 4804 
184 4819 
185 4964 
186 4997 
187 4913 
188 4398 
189 4960 
190 4880 
191 4896 
192 4892 
193 4974 
194 4917 
195 4879 
196 4897 
197 4829 
198 3311 
199 4735 
200 4980 
201 4624 
202 4455 4916 
203 4456 
204 4671 
205 4184 
206 4778 4825 
207 4963 
208 4421 
209 4925 
210 4916 
211 4829 
212 4950 
213 4917 
214 4974 
215 4735 
216 4982 
217 4848 
218 4708 
219 4963 
220 4398 
221 4804 
222 4974 
223 4910 4778 4941 
224 4951 
225 4974 
226 4941 
227 4629 
228 4971 
229 4919 
230 4706 
231 4192 
232 4819 
233 4777 
234 4986 
235 4629 
236 4975 
237 4735 
238 4967 
239 4965 
240 4544 
241 4924 4959 
242 4892 
243 4706 
244 4965 
245 4921 
246 4967 
247 4894 
248 4969 
249 4863 
250 4997 
251 4980 
252 4921 
253 4849 
254 4829 
255 4964 
256 4860 
257 4919 
258 4790 4970 
259 4987 
260 4895 
261 4972 
262 4912 
263 4990 
264 4931 4989 
265 4913 4544 
266 4829 
267 4963 
268 4969 
269 4984 
270 4421 4977 
271 4896 
272 4624 
273 4192 
274 4590 
275 4913 4839 4757 
276 4885 
277 4943 
278 4146 
279 4964 
280 4969 
281 4950 
282 4478 
283 4997 
284 4735 
285 4757 
286 4933 
287 3855 4757 
288 4880 
289 4963 
290 4941 
291 4989 
292 4976 
293 4882 
294 4563 
295 4592 
296 4885 
297 4689 
298 4950 
299 4997 
300 4608 
301 4999 
302 4885 
303 3872 
304 4757 4967 
305 4966 
306 4959 
307 4933 
308 4895 
309 4917 
310 4983 
311 4849 
312 4184 
313 4375 
314 4892 
315 2740 
316 4939 
317 4934 
318 4421 
319 4951 
320 4809 4978 
321 4987 
322 4979 
323 4990 
324 4913 4855 
325 4883 
326 4965 
327 4896 
328 4849 
329 4950 
330 4849 4922 4455 
331 4984 
332 4757 
333 4980 
334 4777 
335 4827 
336 4977 
337 4624 
338 4990 
339 4881 
340 4778 
341 4934 
342 4967 
343 4999 
344 4990 
345 4860 
346 4941 
347 4689 
348 4455 
349 4421 
350 4942 
351 4579 4931 
352 4984 
353 4777 
354 4825 
355 4579 
356 4421 4879 
357 4979 
358 4634 
359 4896 
360 4809 
361 4913 
362 4989 
363 4804 4934 
364 1352 
365 4921 
366 4894 
367 4916 
368 4421 
369 4939 
370 4776 
371 4629 
372 4910 4455 4970 
373 4924 
374 4809 
375 4979 4809 
376 4753 
377 4928 
378 4650 
379 4928 
380 4922 
381 4966 
382 4586 
383 4965 
384 4986 
385 4146 
386 4960 
387 4942 
388 4524 
389 4970 
390 4913 
391 4757 
392 4863 
393 4986 
394 4987 
395 4921 
396 4812 
397 4849 
398 4970 4146 
399 4910 
400 4777 
401 4761 
402 4934 
403 4979 
404 4980 
405 4650 
406 4976 
407 4979 
408 4892 
409 4997 
410 4456 
411 4970 4987 
412 4874 
413 4198 
414 4924 
415 4999 
416 4192 
417 4908 
418 4968 
419 4896 
420 4964 
421 4896 
422 4967 
423 4958 
424 4816 
425 4455 
426 4634 4790 
427 4809 
428 4883 
429 4984 
430 4912 
431 4742 
432 4816 
433 4975 
434 4925 
435 4650 
436 5000 
437 4958 
438 4968 
439 4860 
440 4977 
441 4671 
442 4146 
443 4776 
444 3993 
445 4896 
446 4184 
447 4809 
448 4913 
449 3839 
450 4990 
451 4921 
452 4079 
453 4941 
454 4198 
455 4989 
456 4825 
457 4965 
458 4921 
459 4848 
460 4999 
461 4885 
462 5000 
463 4708 
464 5000 
465 4941 
466 4883 
467 4629 
468 4584 
469 4997 
470 4892 
471 4753 
472 4819 
473 4910 4629 
474 4708 4931 
475 4816 
476 4757 
477 4682 
478 4848 
479 4838 
480 4987 
481 4989 
482 4198 4375 
483 4650 
484 3855 
485 4455 
486 4855 
487 4735 4860 
488 4827 
489 4883 
490 4990 
491 4671 
492 4757 
493 4634 
494 4897 4892 
495 4958 
496 4895 
497 4980 
498 4590 
499 4967 
500 4924 
501 4922 
502 4629 
503 4882 
504 3063 
505 4968 
506 4124 
507 4978 
508 4960 
509 4969 
510 4984 
511 4919 
512 4706 
513 4757 
514 4092 
515 4762 
516 4882 
517 4931 
518 4897 
519 4629 
520 4804 
521 4892 4367 4959 
522 4928 
523 4892 
524 4735 
525 4925 
526 4996 
527 4968 
528 4910 
529 4778 
530 4895 
531 4916 
532 2740 4735 
533 4971 
534 4092 
535 4146 
536 4922 
537 4987 
538 4827 
539 4895 
540 4757 4989 
541 4421 
542 4879 
543 4975 
544 4757 
545 4993 
546 4969 
547 4761 
548 4943 
549 4829 
550 4978 
551 4198 
552 4910 
553 4904 
554 4896 4742 
555 4942 
556 1352 
557 4812 
558 4942 
559 4917 
560 4763 4706 
561 4629 
562 4708 4897 
563 4819 
564 4967 
565 4894 
566 4982 
567 4735 4892 
568 4879 
569 4969 
570 4971 
571 4971 
572 4939 
573 4895 
574 4989 
575 4922 
576 4924 
577 4974 
578 4982 
579 4563 
580 4825 4950 
581 4980 
582 4655 
583 4655 
584 4895 
585 4977 
586 4421 
587 4272 
588 4916 
589 4887 
590 4941 
591 2018 
592 4790 
593 4892 
594 4921 
595 4624 4827 
596 4996 
597 4976 
598 1352 
599 4996 
600 4987 
601 4524 
602 4958 
603 4959 
604 4982 
605 4951 
606 4951 
607 4928 
608 4983 
609 4996 
610 4970 
611 4812 
612 4735 
613 4816 
614 1065 4896 
615 4964 
616 4978 
617 4896 
618 4778 
619 4958 
620 4761 
621 4917 
622 4984 4757 
623 4959 
624 4375 
625 4880 4904 
626 4829 
627 4629 
628 4860 
629 4812 4671 
630 4925 
631 4931 
632 4762 
633 4757 
634 4829 
635 4967 
636 4931 4983 
637 4634 
638 4689 
639 4671 
640 3563 
641 4895 
642 4778 
643 4812 
644 4921 
645 4761 
646 4970 4986 
647 4706 
648 4968 
649 4816 
650 4816 
651 4942 
652 4978 
653 4942 4809 
654 4829 4970 
655 4984 
656 4942 4825 
657 4742 
658 4894 
659 4838 
660 4997 
661 4941 
662 4983 
663 4987 
664 4941 
665 4757 4371 
666 4757 
667 4825 
668 4757 4829 
669 4996 
670 4892 
671 4819 
672 4563 
673 4790 
674 4984 
675 4924 
676 4198 
677 4331 
678 3993 4849 4809 
679 4970 
680 4919 
681 4974 
682 4982 
683 5000 
684 4958 
685 4925 
686 4934 
687 4922 
688 4706 4819 
689 4735 
690 4584 
691 4650 
692 4124 4896 
693 4999 
694 4941 
695 4924 
696 4714 
697 4579 
698 4916 
699 4941 
700 4371 
701 4896 
702 4879 
703 4804 4959 
704 4705 
705 4912 
706 4887 
707 4849 4934 
708 4146 
709 4689 
710 4959 
711 4671 
712 4887 
713 4990 
714 4967 
715 4989 
716 4371 
717 4934 
718 4912 
719 4421 
720 4863 
721 4812 
722 4735 
723 4916 
724 4999 
725 4735 
726 4671 
727 4966 
728 4792 
729 4829 
730 4975 
731 4925 
732 4742 
733 4896 
734 4912 
735 4825 4849 
736 4579 4590 
737 4860 
738 4974 
739 4960 
740 4999 
741 5000 
742 4879 
743 4742 
744 4986 
745 4960 
746 5000 
747 4939 
748 4079 
749 4804 
750 4455 
751 4592 
752 4198 4984 
753 4965 
754 4885 
755 4941 
756 4895 
757 4882 
758 4931 4970 
759 4761 
760 4975 
761 4989 
762 4895 
763 4816 
764 4881 
765 4804 
766 4629 
767 4964 
768 4753 
769 5000 
770 4943 
771 4735 
772 4839 
773 4671 
774 4455 
775 4989 
776 4967 
777 4892 4778 
778 4860 
779 4990 
780 4959 4827 
781 4921 
782 4984 
783 4941 
784 4983 4879 
785 4809 
786 4757 4983 
787 4671 
788 4855 
789 4590 
790 4969 
791 4939 
792 4848 
793 4919 
794 4910 
795 4272 
796 4563 
797 4968 
798 4941 
799 4812 
800 4757 
801 4987 
802 4879 
803 4146 
804 4735 
805 4848 
806 4950 
807 4939 4849 4910 
808 4967 
809 4913 
810 4895 
811 4880 4777 
812 4146 
813 4386 
814 4925 
815 4192 
816 4972 
817 4809 
818 4874 
819 4659 
820 4184 
821 4950 4894 
822 4454 
823 4544 
824 4825 
825 4931 
826 4849 
827 4849 
828 4896 
829 4761 
830 4650 
831 4964 
832 4969 4895 5000 
833 4960 
834 4912 
835 4790 4146 
836 4761 4943 
837 4885 
838 4921 4809 4757 
839 4999 
840 4916 
841 4735 
842 3872 
843 4885 
844 4976 
845 4735 
846 4924 
847 4990 
848 4892 4941 4959 
849 4997 4897 
850 4910 
851 4910 
852 4928 
853 4934 
854 4919 
855 4897 
856 4919 
857 4634 
858 4986 4819 4958 
859 4590 
860 4931 
861 5000 
862 4984 
863 1065 
864 4924 
865 4951 4950 
866 4386 
867 4825 4735 4922 
868 4629 4592 
869 4970 4879 
870 3855 
871 4967 
872 4735 
873 4659 
874 4977 
875 4979 
876 4908 
877 4812 
878 4971 
879 4883 
880 4980 
881 4968 
882 4757 
883 4990 
884 4976 
885 4984 
886 4970 
887 4908 
888 4706 
889 4892 
890 4897 
891 4825 
892 4790 
893 4970 
894 4941 
895 4624 4980 
896 4897 4706 4942 
897 4916 
898 4882 
899 4928 
900 4671 
901 4608 
902 4922 
903 4816 
904 4928 
905 5000 
906 4629 
907 4904 
908 4456 
909 4967 4762 
910 4984 
911 4849 
912 4809 
913 4848 
914 4950 
915 4964 
916 4146 
917 4997 
918 4990 
919 4971 
920 4966 
921 4980 
922 4882 
923 4958 
924 4912 
925 4972 
926 4967 
927 4586 
928 4563 
929 2018 
930 2309 
931 4894 
932 4897 
933 4192 
934 4966 
935 4816 
936 4809 
937 3417 
938 4849 
939 4455 
940 4714 
941 4931 
942 4965 
943 4874 
944 4924 
945 4919 
946 4590 
947 4977 
948 4941 
949 4894 
950 4990 
951 4980 
952 3839 
953 4996 
954 4912 
955 4629 
956 4974 
957 4943 
958 4829 4146 
959 4881 
960 4942 
961 4917 
962 4904 
963 4894 
964 4762 
965 4941 
966 4990 
967 4812 
968 4524 
969 4812 
970 4966 
971 4579 
972 4812 
973 4964 
974 4990 
975 4590 
976 4987 
977 4371 
978 4849 4367 
979 4939 
980 4958 
981 4969 
982 4398 
983 4816 
984 3839 
985 4895 
986 4922 
987 4943 
988 4974 
989 4885 
990 4968 
991 4421 4997 
992 4950 
993 4776 
994 4563 
995 3855 
996 4989 
997 4986 
998 4742 
999 4941 
1000 4590 
1001 4879 
1002 4544 
1003 4881 
1004 4881 
1005 3993 
1006 4608 
1007 4916 
1008 4776 
1009 4825 
1010 4849 
1011 4950 4763 
1012 4970 
1013 4924 
1014 4848 
1015 4921 
1016 4974 
1017 4984 
1018 2309 
1019 4895 
1020 4987 
1021 4689 
1022 4990 
1023 4863 
1024 4371 
1025 4776 
1026 4863 
1027 4977 
1028 4978 
1029 4762 
1030 4979 
1031 4904 
1032 4778 
1033 5000 
1034 4917 
1035 4682 
1036 4880 
1037 3417 
1038 4896 
1039 4971 
1040 5000 
1041 4592 
1042 4874 
1043 4970 
1044 4941 
1045 4950 
1046 4996 
1047 4825 
1048 4586 
1049 4778 
1050 4809 
1051 4855 
1052 4762 
1053 4671 
1054 3993 
1055 4790 
1056 4671 
1057 4454 
1058 4980 
1059 4979 
1060 4959 
1061 4965 
1062 4885 
1063 4882 
1064 4993 
1065 1065 4960 
1066 4887 
1067 4983 
1068 4977 
1069 4825 
1070 4584 5000 
1071 4456 4544 
1072 4816 
1073 4454 
1074 4860 
1075 4968 
1076 4966 3839 
1077 4757 
1078 4925 
1079 4825 
1080 4950 4682 
1081 4971 
1082 4943 
1083 4825 4910 4762 
1084 4878 
1085 4934 
1086 4809 
1087 4897 
1088 4454 4963 
1089 4987 
1090 4925 
1091 4705 
1092 4997 
1093 4986 
1094 4708 
1095 4778 
1096 4897 
1097 4804 
1098 4976 
1099 4968 
1100 4825 
1101 4910 
1102 4950 
1103 4761 
1104 4987 
1105 4714 
1106 4968 
1107 4706 
1108 4971 
1109 4892 4714 
1110 4942 
1111 4879 
1112 4943 
1113 4984 
1114 4827 
1115 4997 
1116 4904 
1117 4590 
1118 4979 
1119 4878 
1120 4951 
1121 4892 
1122 4776 
1123 4972 
1124 4849 
1125 4965 
1126 4629 4827 
1127 4989 
1128 4708 
1129 4941 
1130 4655 
1131 4979 
1132 4735 
1133 4897 
1134 3839 
1135 4982 4896 
1136 4964 
1137 4925 
1138 4838 
1139 4880 
1140 4792 
1141 4192 4987 
1142 4757 
1143 3548 
1144 4917 
1145 4849 
1146 4624 
1147 4398 
1148 4879 4804 
1149 4928 
1150 4974 
1151 4553 
1152 4879 4829 
1153 4839 
1154 4563 
1155 4586 
1156 4990 4989 
1157 4971 4999 
1158 4885 
1159 4984 
1160 4829 
1161 4879 
1162 4829 
1163 4970 
1164 4974 
1165 4939 
1166 4977 
1167 4975 
1168 4990 
1169 4778 4819 
1170 4848 
1171 4735 
1172 4924 
1173 4878 
1174 4838 
1175 4897 
1176 4819 
1177 4809 
1178 4761 
1179 4849 
1180 4916 
1181 4838 
1182 4964 
1183 4849 
1184 4882 
1185 4816 
1186 3563 
1187 4885 
1188 4825 
1189 4790 
1190 4146 
1191 4942 
1192 4975 
1193 4960 4989 
1194 4881 
1195 4878 
1196 4706 
1197 4978 
1198 4331 
1199 3993 
1200 4933 
1201 4689 
1202 4879 
1203 4980 
1204 2740 
1205 3554 
1206 4996 
1207 4990 
1208 4671 
1209 4849 
1210 4812 
1211 4996 
1212 4735 
1213 4894 
1214 4959 
1215 4960 
1216 4934 
1217 4934 
1218 4971 
1219 4682 
1220 4969 
1221 4838 
1222 4882 
1223 4762 
1224 4975 
1225 4943 
1226 4910 
1227 3993 
1228 4983 
1229 4757 
1230 4984 
1231 4671 
1232 4943 
1233 4706 
1234 4974 
1235 4855 
1236 4984 
1237 4968 
1238 4969 
1239 4367 
1240 4092 
1241 4919 
1242 4896 
1243 4792 
1244 4706 
1245 4970 
1246 4982 
1247 4829 
1248 4629 
1249 4659 
1250 4896 
1251 4776 4892 
1252 4878 
1253 4753 
1254 4950 
1255 4897 
1256 4993 
1257 4879 
1258 4827 
1259 4671 
1260 4848 
1261 4943 
1262 3417 
1263 4921 
1264 4776 
1265 4933 
1266 4993 
1267 4984 4950 4590 
1268 4855 
1269 4970 
1270 4757 
1271 4910 
1272 4863 4924 
1273 4778 
1274 4896 
1275 4198 
1276 4757 
1277 4855 
1278 4079 
1279 4964 
1280 4825 
1281 4331 4968 4921 4983 
1282 4993 
1283 4968 
1284 4650 
1285 4941 
1286 4977 
1287 4960 
1288 4386 
1289 4919 
1290 4983 4921 4827 
1291 4629 
1292 4883 
1293 4934 4976 
1294 4827 
1295 4829 
1296 4960 
1297 4375 
1298 4916 
1299 4964 
1300 4524 
1301 4885 
1302 4553 4993 
1303 4671 
1304 4989 
1305 4629 
1306 4192 
1307 4972 
1308 4456 
1309 4941 
1310 4874 
1311 4272 
1312 4959 
1313 4897 
1314 4925 
1315 4682 4885 4950 
1316 4976 
1317 4958 
1318 4951 
1319 4825 
1320 4925 
1321 4967 
1322 4375 
1323 4933 
1324 4979 
1325 5000 
1326 4894 
1327 4272 
1328 4968 
1329 3855 
1330 4925 
1331 4934 
1332 4895 
1333 4819 
1334 4986 
1335 4331 4971 
1336 4960 
1337 4849 
1338 4967 
1339 4990 
1340 4964 
1341 4825 
1342 4913 
1343 4958 
1344 4925 
1345 4969 
1346 4968 
1347 3063 
1348 4761 
1349 4455 4272 4705 
1350 4928 
1351 4879 
1352 1352 
1353 4990 
1354 1352 
1355 4976 
1356 4968 
1357 4895 
1358 4959 
1359 4987 
1360 4825 
1361 4919 
1362 4967 
1363 4849 
1364 4964 
1365 4778 
1366 4990 4777 
1367 4897 
1368 4974 
1369 4039 
1370 4456 
1371 4999 4951 4980 
1372 4964 
1373 4964 
1374 4984 
1375 4650 
1376 4624 
1377 4879 
1378 4959 
1379 4974 
1380 4897 
1381 4863 
1382 4967 
1383 4990 
1384 4753 
1385 4371 
1386 4198 
1387 4983 
1388 4999 
1389 4892 
1390 4967 
1391 4198 4950 
1392 3548 
1393 4671 
1394 4993 
1395 4776 
1396 4735 
1397 4908 
1398 4757 
1399 4272 
1400 4879 
1401 4941 
1402 4454 
1403 4671 
1404 4975 4922 4959 
1405 4778 
1406 4975 
1407 4913 
1408 4987 
1409 4848 4776 
1410 4367 
1411 4897 
1412 4629 
1413 3828 4931 4975 
1414 4986 
1415 4925 
1416 4895 
1417 4963 
1418 4757 
1419 4421 
1420 4993 
1421 4931 
1422 4563 
1423 4982 
1424 4990 4921 
1425 4950 
1426 4921 
1427 4990 
1428 4816 
1429 4655 
1430 4925 
1431 4970 
1432 4997 
1433 4939 
1434 4910 
1435 4816 
1436 4809 
1437 4524 
1438 4689 
1439 4978 
1440 4934 
1441 4829 
1442 4579 
1443 4950 
1444 4980 
1445 4967 
1446 4544 4608 4456 
1447 4997 
1448 4398 
1449 4839 
1450 4776 
1451 4982 
1452 4910 
1453 4972 
1454 4967 
1455 4974 
1456 4983 
1457 4975 
1458 4608 
1459 4272 
1460 3340 
1461 4967 
1462 4849 4959 
1463 4976 
1464 4925 
1465 4881 
1466 4965 
1467 4079 
1468 4986 
1469 4608 
1470 4987 
1471 4763 
1472 4816 
1473 4984 
1474 4184 
1475 4896 
1476 4812 
1477 4892 
1478 4984 
1479 2018 4978 
1480 4933 
1481 4922 
1482 4967 
1483 4671 
1484 5000 4184 
1485 4951 
1486 4421 
1487 4904 
1488 4980 
1489 4978 
1490 3993 
1491 4629 
1492 4883 
1493 4966 
1494 4999 
1495 4777 
1496 4967 
1497 4192 
1498 4777 
1499 4934 
1500 4883 
1501 4885 
1502 4742 
1503 4904 
1504 4778 
1505 4941 
1506 4965 
1507 4892 
1508 4983 
1509 4863 
1510 4650 
1511 4825 4584 4855 4839 
1512 4950 
1513 4816 
1514 4997 
1515 4942 
1516 3855 
1517 4964 
1518 4375 
1519 4894 
1520 4924 4896 
1521 4849 4925 
1522 4917 
1523 4804 
1524 4524 
1525 4971 
1526 4913 
1527 4184 
1528 4039 
1529 4943 
1530 4375 
1531 4146 
1532 4456 
1533 4972 
1534 4993 
1535 4943 
1536 3855 
1537 4967 
1538 4892 
1539 4925 
1540 4827 
1541 4895 
1542 4959 
1543 4375 
1544 4996 
1545 3839 
1546 4819 
1547 4916 
1548 4970 
1549 4634 4896 
1550 4478 
1551 4916 
1552 4753 
1553 4984 
1554 4757 
1555 4916 
1556 4880 
1557 3855 
1558 4880 
1559 4912 
1560 4933 
1561 4980 
1562 4999 
1563 4916 
1564 4984 
1565 4996 
1566 4735 
1567 4977 
1568 4563 
1569 4943 
1570 4455 
1571 4421 4827 4883 
1572 4924 4934 
1573 4980 
1574 4456 
1575 4921 
1576 4761 
1577 3554 
1578 4776 
1579 4742 
1580 5000 
1581 4757 
1582 4757 4896 
1583 3361 3417 
1584 4996 4792 4993 
1585 4706 
1586 4966 
1587 4941 
1588 4967 
1589 4894 
1590 4916 
1591 4892 
1592 4980 
1593 4972 
1594 4975 
1595 4608 
1596 4455 
1597 4917 
1598 4776 
1599 4825 
1600 4986 
1601 4883 
1602 4839 
1603 4849 
1604 4960 
1605 4925 
1606 4951 
1607 4778 
1608 4993 
1609 4978 
1610 4910 
1611 4671 
1612 4963 
1613 4984 
1614 4757 
1615 4671 
1616 4941 
1617 4963 
1618 4916 4629 4959 
1619 4880 
1620 4863 
1621 5000 
1622 4124 
1623 4933 4742 4655 
1624 4974 
1625 4146 
1626 3563 4124 
1627 3855 
1628 4184 
1629 4934 
1630 4970 
1631 4987 
1632 4778 4979 
1633 4958 
1634 4592 
1635 4454 
1636 4706 
1637 4524 4939 4878 
1638 4950 4816 4398 
1639 4913 
1640 4913 
1641 4192 
1642 4584 
1643 4904 
1644 4897 
1645 4634 
1646 4910 
1647 4757 
1648 4925 
1649 4563 
1650 4916 
1651 4146 
1652 4895 
1653 4978 
1654 4825 
1655 4963 
1656 4184 5000 
1657 4990 
1658 5000 
1659 4629 
1660 4922 
1661 5000 4950 
1662 4592 
1663 4984 
1664 4997 
1665 4838 
1666 4829 
1667 4706 
1668 3855 
1669 4671 
1670 4971 4849 
1671 4829 
1672 4456 
1673 4974 
1674 4092 
1675 4671 
1676 4943 
1677 4705 
1678 4972 
1679 3563 
1680 4849 
1681 4198 
1682 4896 
1683 4629 
1684 4959 5000 
1685 4849 
1686 4976 
1687 4885 
1688 4849 
1689 4629 
1690 4964 
1691 4819 
1692 3855 
1693 4039 
1694 4714 
1695 4986 
1696 4974 
1697 4950 
1698 4883 
1699 4976 
1700 4999 
1701 4987 
1702 4608 
1703 4941 
1704 4757 4816 
1705 4941 
1706 4970 
1707 4896 
1708 4912 
1709 4997 
1710 4997 
1711 4742 
1712 4904 
1713 4742 
1714 4809 
1715 4916 
1716 4933 
1717 4863 
1718 4996 
1719 4882 
1720 3839 
1721 4966 
1722 4386 4958 
1723 4883 
1724 4904 
1725 4917 
1726 1352 
1727 4825 
1728 4671 
1729 4986 
1730 4456 
1731 4563 
1732 4809 
1733 4987 
1734 4079 4849 4896 
1735 4964 
1736 4968 
1737 4972 
1738 4908 
1739 4812 
1740 4849 
1741 4974 
1742 4790 
1743 4968 
1744 4928 
1745 4984 4968 
1746 4827 
1747 4790 
1748 4982 
1749 4849 
1750 4778 
1751 4863 
1752 4922 
1753 4989 
1754 4950 4848 4931 
1755 4969 
1756 4950 
1757 4863 
1758 4993 
1759 4912 
1760 4996 
1761 4778 
1762 4421 
1763 4925 
1764 4882 
1765 4839 4848 4879 
1766 4984 
1767 4942 
1768 4892 
1769 4634 
1770 4879 
1771 4887 
1772 5000 
1773 4838 
1774 4997 
1775 4650 
1776 4885 
1777 4563 
1778 4804 
1779 4939 
1780 4455 4478 4735 
1781 4885 
1782 4761 
1783 5000 
1784 4455 
1785 4892 
1786 4079 
1787 4977 
1788 4964 
1789 4959 
1790 4987 
1791 4925 
1792 4885 
1793 4941 
1794 4776 
1795 4763 
1796 4544 
1797 4979 4878 
1798 4650 
1799 4960 
1800 4708 
1801 4192 
1802 4592 
1803 4989 
1804 4454 
1805 4849 
1806 4990 
1807 1352 
1808 4892 
1809 4967 
1810 4977 
1811 4184 
1812 4897 4950 
1813 4950 
1814 4624 
1815 4960 
1816 4965 
1817 4735 
1818 4829 
1819 4398 
1820 4892 
1821 4919 
1822 4999 
1823 4987 
1824 4879 
1825 4964 
1826 4124 
1827 3855 
1828 4848 
1829 2018 
1830 4331 
1831 4941 
1832 4792 
1833 4968 
1834 4910 
1835 4855 
1836 4984 4778 4925 
1837 4879 
1838 4375 
1839 4655 
1840 4965 
1841 4838 
1842 4757 
1843 4777 
1844 4146 
1845 4894 
1846 4753 
1847 4192 
1848 4958 
1849 4838 
1850 4079 
1851 4892 
1852 4887 
1853 4827 
1854 4778 4455 4849 
1855 4951 
1856 4999 
1857 4757 
1858 4942 
1859 4933 
1860 4689 
1861 4987 
1862 4706 
1863 4966 
1864 4894 
1865 4925 
1866 4757 
1867 4943 
1868 4455 
1869 4925 
1870 4184 
1871 4968 
1872 4827 4922 
1873 4421 
1874 4990 
1875 4959 4825 
1876 4987 
1877 4671 
1878 4984 
1879 4592 
1880 4997 
1881 4916 
1882 4586 
1883 4963 
1884 4816 
1885 4762 
1886 4982 
1887 4790 
1888 4689 
1889 4855 
1890 4860 
1891 4860 
1892 4659 
1893 4925 
1894 4848 
1895 4879 
1896 4778 
1897 4942 
1898 4735 
1899 4979 
1900 4682 
1901 4975 
1902 4421 
1903 4967 
1904 4790 
1905 4997 
1906 4939 
1907 4964 
1908 4919 
1909 4079 
1910 4966 4849 
1911 4761 
1912 4996 
1913 4778 4966 
1914 4980 
1915 4849 4941 
1916 4455 
1917 4908 
1918 4950 
1919 4951 
1920 4608 
1921 4792 
1922 4848 
1923 4922 
1924 4934 
1925 4882 4887 
1926 4421 
1927 4198 
1928 4967 
1929 4777 
1930 4990 
1931 4970 
1932 4124 4682 
1933 4579 
1934 4960 
1935 4921 
1936 4892 
1937 4778 
1938 4925 
1939 4997 
1940 4894 
1941 4671 
1942 4371 
1943 4958 
1944 4958 
1945 4997 
1946 4977 
1947 4371 
1948 4882 
1949 3839 
1950 3839 
1951 4984 
1952 4776 
1953 4809 4563 4959 4879 
1954 4916 
1955 4931 
1956 4809 
1957 4708 
1958 4375 4804 4942 
1959 4913 
1960 4895 
1961 4974 
1962 4934 4921 
1963 4897 
1964 4925 
1965 4960 
1966 4375 4881 4997 
1967 4970 
1968 4967 
1969 3563 
1970 4454 
1971 4928 
1972 4272 
1973 4919 
1974 4895 
1975 4804 4968 
1976 4910 
1977 4976 
1978 4996 
1979 5000 
1980 4829 
1981 4924 
1982 4456 4881 
1983 4849 
1984 4958 3855 4939 
1985 4735 
1986 4979 
1987 4819 
1988 4963 
1989 4742 
1990 4742 
1991 4882 
1992 4960 
1993 4608 4968 4184 
1994 5000 
1995 4706 
1996 4925 2740 4984 4924 
1997 4761 
1998 4990 
1999 4563 
2000 4881 
2001 4990 
2002 4761 
2003 4689 
2004 4997 
2005 4192 
2006 4855 
2007 3340 
2008 4990 
2009 4829 
2010 5000 
2011 4965 
2012 4563 
2013 4943 
2014 4792 
2015 4825 
2016 4848 
2017 4964 
2018 2018 4809 
2019 4331 
2020 4934 
2021 4825 
2022 4454 
2023 4879 
2024 4761 4375 4993 
2025 4829 4989 4904 
2026 4682 
2027 4939 
2028 4997 
2029 4913 
2030 4922 
2031 4925 
2032 4819 
2033 5000 
2034 4092 
2035 4753 
2036 4983 
2037 4608 
2038 4922 
2039 4829 
2040 4999 
2041 4896 
2042 4892 
2043 4908 
2044 4386 
2045 4982 
2046 4972 
2047 4375 
2048 4825 
2049 4969 
2050 4979 
2051 4371 
2052 4629 
2053 4925 
2054 1352 4634 
2055 4838 
2056 4885 5000 4972 
2057 4592 
2058 4650 
2059 3361 
2060 4983 4977 4829 
2061 4039 
2062 4990 
2063 4456 4838 
2064 4989 
2065 4584 
2066 4931 
2067 4980 
2068 4579 
2069 4885 
2070 4367 
2071 4950 
2072 4967 
2073 4989 
2074 4997 
2075 4584 
2076 4997 
2077 4922 
2078 4997 4375 4943 
2079 4816 
2080 4863 
2081 4997 
2082 4941 
2083 4977 
2084 4960 
2085 4917 
2086 4925 
2087 4989 4629 4882 
2088 4939 
2089 4979 
2090 4650 
2091 4925 
2092 4809 4894 4921 
2093 4757 
2094 4990 
2095 4931 
2096 4933 
2097 4975 
2098 4146 
2099 4975 
2100 4977 
2101 5000 
2102 4971 4964 4860 4895 
2103 4629 
2104 4968 
2105 4896 
2106 4880 
2107 4983 
2108 4951 
2109 4455 
2110 4968 
2111 4874 
2112 4624 
2113 4456 
2114 4455 4892 4990 
2115 4922 
2116 4978 
2117 4671 
2118 4742 
2119 4986 
2120 4967 
2121 4708 
2122 4967 
2123 4965 4629 4984 
2124 3855 4778 
2125 4650 
2126 4986 
2127 4848 
2128 4963 
2129 4972 
2130 3340 
2131 4960 
2132 4892 
2133 4983 
2134 4579 
2135 4829 
2136 4943 
2137 4371 4892 
2138 4367 4421 4959 
2139 4860 
2140 4919 
2141 4184 
2142 4762 4650 4993 
2143 4970 
2144 4974 
2145 4897 
2146 4971 
2147 4655 
2148 4959 4885 
2149 4989 
2150 4894 
2151 4849 4659 4928 
2152 4966 
2153 4790 
2154 4908 4917 
2155 4456 
2156 4848 
2157 4964 
2158 4776 
2159 4885 
2160 4924 
2161 4919 3828 4809 4896 4776 
2162 4579 
2163 4757 
2164 4421 
2165 4455 4895 4974 
2166 2740 
2167 4894 
2168 4896 4650 4753 
2169 4997 
2170 4976 
2171 5000 
2172 4860 
2173 4829 
2174 4993 
2175 4761 
2176 4825 4989 
2177 4964 
2178 4819 4986 4943 5000 
2179 4885 
2180 4879 
2181 4895 4375 4963 
2182 4896 
2183 4860 
2184 4848 
2185 4919 
2186 4706 
2187 4970 
2188 4735 
2189 4979 
2190 4990 
2191 3839 
2192 4979 
2193 4942 
2194 4939 
2195 4976 
2196 4879 
2197 4825 
2198 4967 
2199 4921 
2200 4922 
2201 4993 4959 
2202 3855 
2203 4924 
2204 4705 
2205 4849 
2206 4934 
2207 4984 
2208 4735 
2209 4421 
2210 4882 4398 
2211 4990 
2212 4885 
2213 3828 3340 
2214 4934 
2215 4999 
2216 4421 4913 
2217 4921 
2218 4941 
2219 4924 
2220 4706 4455 
2221 4757 
2222 4897 
2223 4812 
2224 4913 
2225 4990 
2226 3839 
2227 4943 
2228 4848 
2229 3855 
2230 3855 
2231 4922 
2232 4849 
2233 4941 
2234 4742 
2235 4942 4192 4984 4592 
2236 4894 
2237 4777 
2238 4879 5000 4922 4910 
2239 4986 
2240 4910 
2241 4757 
2242 4943 
2243 4942 
2244 4790 
2245 4757 
2246 4398 4849 4816 
2247 4883 4931 
2248 4943 
2249 4977 
2250 4950 
2251 4922 
2252 4829 
2253 4996 4894 
2254 4951 
2255 4892 
2256 4590 
2257 4996 
2258 4184 4881 
2259 4778 
2260 4331 
2261 4629 
2262 4714 
2263 4804 
2264 4816 
2265 4586 
2266 3063 
2267 4146 4922 
2268 4816 
2269 4975 
2270 4629 
2271 2309 
2272 4331 
2273 4825 
2274 4963 
2275 4761 
2276 4999 4742 
2277 4971 
2278 4982 
2279 4892 4629 4655 
2280 4192 
2281 4757 
2282 4563 
2283 4921 
2284 4928 
2285 4825 
2286 4629 
2287 4960 
2288 4816 
2289 3839 
2290 4586 
2291 4986 
2292 4689 
2293 4921 
2294 4386 
2295 4978 
2296 4629 
2297 4924 
2298 4735 
2299 4986 
2300 4959 
2301 4931 
2302 4969 
2303 4986 
2304 4544 
2305 4895 
2306 4757 
2307 4979 
2308 4997 
2309 2309 3063 
2310 4982 
2311 4975 
2312 4897 
2313 4968 
2314 4671 
2315 4659 
2316 4624 
2317 4933 
2318 4982 
2319 4838 
2320 4943 
2321 4939 
2322 4942 
2323 4983 
2324 4590 
2325 4455 
2326 4967 4553 3563 
2327 4997 
2328 4454 
2329 4974 
2330 4967 4912 4950 
2331 4079 
2332 4778 
2333 4848 4714 4978 
2334 4198 
2335 4592 
2336 4904 
2337 4919 
2338 4912 
2339 4629 
2340 4924 
2341 4965 
2342 4939 
2343 4198 
2344 4934 
2345 4996 
2346 4951 
2347 4456 
2348 4919 
2349 4421 
2350 4990 
2351 4753 
2352 4939 
2353 4838 
2354 4963 4969 
2355 4984 
2356 4816 
2357 4849 
2358 4993 
2359 4939 
2360 4753 
2361 4860 
2362 4983 
2363 4897 
2364 4910 
2365 4895 
2366 3063 
2367 4809 
2368 4978 
2369 4982 
2370 4904 
2371 4964 
2372 4812 
2373 5000 
2374 4996 
2375 4941 
2376 4892 
2377 4880 
2378 4659 
2379 4563 
2380 4925 
2381 4809 
2382 4184 
2383 4198 4934 
2384 4524 
2385 4928 
2386 4971 4671 
2387 4983 
2388 4863 
2389 3855 
2390 4735 
2391 4579 
2392 4912 
2393 4939 
2394 4671 
2395 4963 
2396 4671 
2397 4816 
2398 4882 
2399 4934 
2400 4970 
2401 4951 
2402 4753 
2403 4925 
2404 4879 
2405 4950 
2406 2740 
2407 4455 4874 4922 5000 
2408 4964 
2409 4829 
2410 4939 
2411 4375 4939 4735 
2412 4827 
2413 4371 
2414 4959 
2415 4079 
2416 4629 
2417 4975 
2418 4921 
2419 4714 
2420 4590 
2421 4982 
2422 4860 
2423 4880 4931 4478 
2424 4706 
2425 4934 
2426 4919 
2427 4812 4878 4761 
2428 4874 
2429 4714 
2430 4972 
2431 4958 
2432 4997 
2433 4478 
2434 4925 
2435 4964 
2436 4371 
2437 4928 
2438 4705 
2439 4895 
2440 4776 
2441 4079 
2442 4996 
2443 4896 4776 4827 
2444 4999 
2445 4908 
2446 4967 
2447 4977 
2448 4849 
2449 4706 
2450 4910 
2451 4967 
2452 4735 
2453 4916 
2454 4943 
2455 4146 
2456 4882 
2457 4887 
2458 4386 
2459 4880 
2460 4967 4454 
2461 5000 
2462 4629 
2463 4925 
2464 4586 
2465 4910 4455 
2466 4184 4999 4942 
2467 4950 
2468 4924 4892 4879 
2469 4996 
2470 4860 
2471 4629 
2472 4825 4882 4939 
2473 4941 
2474 4455 
2475 4706 
2476 4272 
2477 4778 
2478 4975 
2479 4941 
2480 4825 
2481 4978 
2482 4987 
2483 4964 
2484 4943 4934 4590 4455 
2485 4682 
2486 4997 
2487 4184 4757 4079 4735 
2488 4916 
2489 4896 
2490 4762 
2491 4883 
2492 4996 
2493 4975 
2494 4970 
2495 4039 4735 
2496 4880 
2497 4968 4192 
2498 4950 
2499 4896 
2500 4079 
2501 4708 
2502 4198 
2503 4790 
2504 4371 
2505 4916 
2506 4812 
2507 4629 4706 4970 
2508 4984 
2509 4916 
2510 4904 
2511 4825 
2512 4809 
2513 4908 
2514 4816 
2515 4879 
2516 4892 
2517 5000 
2518 4524 
2519 3993 
2520 4124 
2521 4885 
2522 3828 
2523 4629 
2524 4960 4590 4584 
2525 4894 
2526 4986 
2527 4966 
2528 4883 
2529 4881 
2530 4987 
2531 4624 
2532 4894 
2533 4819 
2534 4650 
2535 4809 
2536 4819 
2537 4386 
2538 4931 
2539 4371 
2540 4931 
2541 4922 4996 
2542 4986 
2543 4809 
2544 4894 
2545 4972 
2546 4951 
2547 4839 
2548 4913 
2549 4878 
2550 4849 
2551 4624 
2552 4671 
2553 4778 
2554 4455 
2555 4974 
2556 4809 
2557 4762 
2558 4941 
2559 4146 4882 4982 4735 
2560 4809 
2561 4943 
2562 4897 
2563 4958 
2564 4974 
2565 4735 
2566 4894 
2567 4896 
2568 4874 
2569 4986 
2570 4966 
2571 4456 
2572 4882 
2573 4735 
2574 4941 
2575 4455 4367 4816 
2576 4838 
2577 5000 
2578 4671 
2579 4629 
2580 4272 
2581 4778 
2582 4735 
2583 4809 
2584 4455 4671 4192 4079 
2585 4860 
2586 4971 4882 4990 
2587 4456 
2588 4892 
2589 4590 
2590 4371 
2591 4933 
2592 4999 
2593 4943 
2594 4855 
2595 4776 
2596 4968 
2597 4986 
2598 4996 
2599 4990 
2600 4984 
2601 4908 
2602 3563 4124 
2603 4629 
2604 4984 
2605 4804 
2606 4919 
2607 4990 
2608 4892 
2609 4829 
2610 4879 4931 
2611 4761 
2612 4970 
2613 4919 4916 
2614 4849 
2615 4897 
2616 4999 
2617 4827 
2618 4882 
2619 4849 
2620 4972 
2621 4778 
2622 4812 
2623 4367 
2624 4960 
2625 4655 
2626 4454 
2627 4969 
2628 4979 
2629 4951 
2630 4812 
2631 4896 
2632 4925 
2633 4092 
2634 4624 
2635 4971 
2636 4714 
2637 4092 
2638 4939 
2639 4544 
2640 4980 
2641 4714 
2642 4976 
2643 4984 
2644 4881 
2645 4942 
2646 4671 
2647 4776 
2648 4655 
2649 4682 
2650 4916 4146 4184 
2651 2309 3063 
2652 4977 
2653 4966 
2654 4968 
2655 4879 
2656 4816 
2657 4079 
2658 4964 
2659 4776 
2660 4524 
2661 4880 
2662 4849 4455 4848 
2663 4629 
2664 4371 
2665 4924 
2666 4879 
2667 4939 
2668 4943 
2669 4925 
2670 4967 4979 
2671 4825 
2672 3839 
2673 4971 
2674 4757 
2675 4874 
2676 4970 
2677 4910 
2678 4827 4984 4896 
2679 4849 
2680 4978 4849 4925 
2681 4997 4968 4950 
2682 4913 
2683 4997 
2684 4970 
2685 4913 
2686 4838 4192 4892 4939 4146 
2687 4934 
2688 4922 4584 4925 
2689 4761 
2690 4579 
2691 4966 
2692 4092 
2693 4980 
2694 4943 4913 4778 4979 
2695 4896 
2696 4839 
2697 4198 
2698 4971 
2699 4124 4925 4965 4978 
2700 4757 
2701 4634 
2702 4819 
2703 4941 4849 4882 
2704 4904 
2705 4454 4584 4939 
2706 4922 
2707 4838 
2708 4880 
2709 4885 
2710 4778 
2711 4371 
2712 4931 
2713 4965 
2714 4942 
2715 4996 
2716 4982 
2717 4997 
2718 4776 
2719 4996 
2720 4777 
2721 4980 4989 4455 4146 5000 
2722 4997 
2723 4997 
2724 4624 
2725 4421 4892 4997 
2726 4804 
2727 4816 3839 
2728 4913 
2729 4761 
2730 4455 
2731 4951 
2732 4968 
2733 4941 
2734 4624 
2735 4634 4762 4910 
2736 4753 4919 4892 
2737 4934 
2738 4705 
2739 4969 
2740 2740 
2741 4950 
2742 4892 4910 
2743 4990 
2744 4996 
2745 4563 
2746 4079 
2747 4762 
2748 4735 
2749 4972 
2750 4950 
2751 4671 
2752 4882 
2753 4895 
2754 4942 
2755 4999 
2756 4887 
2757 4708 4983 4943 
2758 4849 
2759 4969 
2760 4809 4735 4963 
2761 4997 
2762 4970 
2763 4917 
2764 4331 
2765 4979 
2766 3417 4825 
2767 4970 
2768 4849 
2769 4943 
2770 3311 3828 
2771 4975 
2772 4970 
2773 4963 
2774 4943 
2775 4790 
2776 4966 
2777 4996 
2778 4879 
2779 4993 
2780 4964 5000 4959 3554 
2781 4192 
2782 4999 
2783 4881 
2784 4908 
2785 4931 
2786 4827 
2787 4753 
2788 4928 
2789 4894 
2790 4990 
2791 4894 4896 4883 
2792 5000 
2793 4916 
2794 4968 
2795 4960 
2796 4964 
2797 4972 
2798 4863 
2799 4809 
2800 4776 
2801 5000 
2802 4892 
2803 4943 
2804 4941 
2805 4983 4848 4714 4999 
2806 4924 
2807 4819 
2808 4922 
2809 4563 4848 4753 
2810 4882 
2811 4819 
2812 4885 
2813 4968 
2814 4916 
2815 4763 
2816 4816 
2817 4978 
2818 4827 
2819 4978 
2820 4984 
2821 4958 
2822 4933 
2823 4896 
2824 4968 
2825 4742 
2826 4913 
2827 4839 
2828 4371 
2829 4941 
2830 4968 
2831 4934 
2832 4922 
2833 4608 
2834 4455 
2835 4975 
2836 4969 
2837 4455 
2838 4910 
2839 4689 
2840 3839 
2841 4375 
2842 4912 
2843 4860 
2844 4860 4655 4989 
2845 4958 
2846 4819 
2847 4544 4456 
2848 4895 4421 4386 4825 4989 
2849 4880 
2850 4849 
2851 4885 
2852 4990 4925 4079 4895 
2853 4881 
2854 4989 
2855 4892 
2856 4883 
2857 4904 
2858 4146 
2859 4735 
2860 4959 
2861 4778 
2862 4882 
2863 4984 
2864 4959 
2865 4881 
2866 4967 
2867 4894 
2868 4990 
2869 4812 
2870 4941 
2871 4629 
2872 4960 
2873 4964 
2874 4967 
2875 4825 
2876 4982 
2877 4928 
2878 4895 
2879 4996 
2880 4367 
2881 4921 
2882 4950 
2883 4809 
2884 4979 
2885 4816 4804 4959 
2886 4671 
2887 4809 
2888 4456 
2889 4809 
2890 4880 
2891 4819 
2892 4671 
2893 4910 
2894 4849 4934 4917 
2895 4848 
2896 4878 
2897 4919 4959 4455 4917 4978 
2898 4924 
2899 4879 
2900 4931 
2901 4969 
2902 4971 
2903 4092 4714 
2904 4880 
2905 4816 
2906 4939 
2907 4984 
2908 4967 
2909 4198 
2910 4921 
2911 4970 
2912 4650 
2913 4984 
2914 4913 
2915 4960 
2916 4371 
2917 4931 
2918 4913 
2919 4849 
2920 4705 
2921 3855 
2922 4959 
2923 4735 
2924 4757 
2925 4971 
2926 4933 
2927 4398 
2928 4371 
2929 4742 
2930 4913 4624 4972 
2931 4590 
2932 4984 
2933 4812 
2934 4960 
2935 4146 
2936 4579 
2937 4892 
2938 4706 
2939 4967 
2940 4968 
2941 4990 
2942 4895 
2943 4079 4146 4959 4895 
2944 4950 
2945 4778 
2946 4883 4959 4855 4776 4984 
2947 4910 
2948 4848 
2949 4705 
2950 3063 
2951 4964 
2952 4913 
2953 4371 
2954 4933 
2955 4960 
2956 4892 
2957 4959 
2958 4894 
2959 4874 
2960 4913 
2961 4742 
2962 4922 
2963 4990 
2964 4892 
2965 4896 
2966 4968 
2967 4989 
2968 5000 
2969 4849 
2970 4984 
2971 4959 
2972 4896 
2973 4916 
2974 4925 
2975 4978 
2976 4939 
2977 4925 
2978 4943 
2979 4993 
2980 4659 
2981 4910 
2982 4825 
2983 4757 4184 1352 
2984 4192 
2985 4629 
2986 4934 
2987 4999 
2988 4989 
2989 4967 
2990 4892 
2991 4913 4997 
2992 4584 
2993 4367 
2994 4757 
2995 4967 
2996 2740 
2997 4951 
2998 4812 4910 
2999 4965 
3000 4544 
3001 4965 
3002 4908 
3003 4968 
3004 4971 
3005 4887 
3006 4916 
3007 4916 
3008 4804 
3009 4942 
3010 4849 
3011 4978 
3012 4456 
3013 4966 
3014 4742 
3015 4706 
3016 4964 
3017 4897 
3018 4879 
3019 4931 
3020 4980 
3021 4977 
3022 4874 
3023 4757 
3024 4629 
3025 4959 
3026 4913 
3027 4892 4839 4965 4979 
3028 4925 
3029 4917 
3030 4987 
3031 4896 
3032 4984 
3033 4971 
3034 4913 
3035 4979 
3036 4629 
3037 4829 
3038 4967 
3039 4910 
3040 4910 
3041 4980 
3042 4778 4950 
3043 4198 4897 
3044 4931 
3045 4455 
3046 4455 
3047 4584 
3048 4922 
3049 4885 
3050 4897 4913 4939 4960 
3051 4192 
3052 4931 
3053 4925 
3054 4763 
3055 4579 
3056 4371 
3057 4881 3839 
3058 4943 
3059 4882 
3060 2740 4079 4925 4192 
3061 4950 
3062 4967 
3063 3063 
3064 4146 
3065 4996 4919 4592 
3066 4999 
3067 4917 
3068 4933 
3069 4812 4659 4455 4895 4705 
3070 4910 
3071 4192 
3072 4939 
3073 4966 
3074 4996 
3075 4913 
3076 4829 
3077 4892 
3078 4943 
3079 4959 
3080 4892 
3081 4375 
3082 4964 
3083 4959 
3084 4959 
3085 4708 
3086 4386 
3087 4968 
3088 4999 
3089 4943 
3090 4629 4924 
3091 4922 
3092 4848 4849 4757 4943 4863 
3093 4984 
3094 4934 
3095 4762 
3096 4455 
3097 4838 4895 4478 4881 
3098 4895 
3099 4924 
3100 4671 
3101 4629 
3102 4761 
3103 4928 
3104 4689 
3105 4848 
3106 4999 
3107 4987 
3108 4987 
3109 4792 
3110 4885 
3111 4776 
3112 4809 
3113 4592 
3114 4882 
3115 4984 4456 4939 4184 
3116 4912 
3117 4975 
3118 4895 
3119 4878 
3120 4993 
3121 4970 
3122 4563 
3123 4272 
3124 4848 
3125 4839 
3126 4371 4827 
3127 4919 
3128 4753 
3129 4943 
3130 4943 
3131 1352 
3132 4819 
3133 4584 
3134 4941 
3135 4971 
3136 4931 
3137 4455 
3138 4706 
3139 4976 
3140 4977 
3141 4849 
3142 4624 
3143 4986 
3144 4839 
3145 4825 
3146 4124 
3147 4860 
3148 4829 
3149 4579 
3150 4968 
3151 4272 4976 
3152 4999 
3153 4880 
3154 4910 
3155 4913 
3156 4913 
3157 4993 
3158 4990 
3159 4757 
3160 4970 
3161 4816 
3162 4655 
3163 4933 
3164 4896 
3165 4997 
3166 4969 
3167 4714 
3168 4984 
3169 4951 
3170 4885 
3171 4456 
3172 4184 
3173 4592 
3174 4827 
3175 4650 
3176 4997 
3177 4778 4367 4916 4879 4917 
3178 4990 
3179 4860 
3180 4971 
3181 4941 4816 4386 4922 4849 4908 
3182 4910 
3183 4950 4849 4933 4968 
3184 4809 
3185 4922 
3186 4963 
3187 4922 
3188 4829 
3189 4976 
3190 4454 
3191 4897 
3192 4757 
3193 4990 
3194 4928 1352 4827 
3195 5000 
3196 4705 
3197 3340 4763 
3198 4970 4714 4894 
3199 4958 
3200 4968 
3201 4706 
3202 4882 
3203 4919 
3204 4885 
3205 4714 
3206 4959 
3207 4960 
3208 4976 4966 
3209 4742 4969 
3210 4910 4989 
3211 4916 
3212 4974 
3213 4629 
3214 4757 
3215 4904 
3216 4398 
3217 4976 
3218 4968 
3219 4939 
3220 4931 
3221 4999 
3222 4825 
3223 4892 
3224 4849 
3225 4629 
3226 4972 
3227 4671 4912 
3228 4629 
3229 4863 
3230 4584 
3231 4970 
3232 4892 4989 4455 
3233 4997 
3234 4951 
3235 4563 
3236 5000 
3237 4819 
3238 4968 
3239 4776 
3240 4778 
3241 4999 
3242 4753 4910 
3243 4896 
3244 4878 
3245 4849 
3246 4790 
3247 4608 
3248 4855 
3249 4763 
3250 4967 
3251 4999 
3252 4972 4887 
3253 4586 
3254 4975 
3255 4997 
3256 4980 
3257 4825 4879 
3258 4943 4980 4964 
3259 4863 
3260 4892 
3261 4931 
3262 4951 
3263 4941 
3264 4777 
3265 4997 
3266 4885 
3267 4885 
3268 4916 
3269 4978 
3270 3839 
3271 4968 
3272 4421 
3273 4967 
3274 4887 
3275 4977 
3276 4972 4933 
3277 4950 
3278 4629 4928 
3279 4896 
3280 4849 
3281 4925 
3282 3839 4977 
3283 4967 
3284 5000 
3285 4763 
3286 4882 
3287 4792 
3288 4970 
3289 4184 
3290 4629 4849 4896 
3291 4629 
3292 4968 
3293 4456 
3294 4763 4778 
3295 4880 
3296 4762 
3297 4892 
3298 4959 
3299 4984 
3300 4971 
3301 4997 
3302 4838 
3303 4993 
3304 4855 
3305 4963 
3306 4942 
3307 4993 
3308 4198 
3309 4970 
3310 3828 3311 
3311 3311 
3312 4375 
3313 4997 
3314 4968 
3315 4922 
3316 4897 
3317 4996 
3318 4990 
3319 4455 
3320 4941 
3321 4997 
3322 4969 
3323 3855 4928 
3324 4913 
3325 4592 
3326 4975 
3327 5000 4421 
3328 4881 4997 
3329 4982 
3330 4776 
3331 4478 
3332 4761 
3333 4943 
3334 4882 
3335 4910 
3336 4924 
3337 4761 
3338 4624 
3339 4776 4984 
3340 3340 
3341 4969 
3342 4974 
3343 4629 
3344 4809 
3345 4908 
3346 4456 
3347 4974 
3348 4456 
3349 4922 
3350 4367 
3351 4984 
3352 4984 
3353 4882 
3354 4825 
3355 4456 
3356 4892 
3357 4524 
3358 4879 
3359 4951 
3360 4943 
3361 3361 2740 3417 
3362 4969 
3363 4398 
3364 4941 
3365 4942 
3366 4880 
3367 4924 
3368 4913 
3369 4895 
3370 4650 
3371 4897 
3372 4919 
3373 4895 
3374 4825 
3375 4943 
3376 4925 
3377 4971 
3378 4887 
3379 4924 
3380 4892 
3381 4763 
3382 4913 
3383 4039 
3384 4885 
3385 4809 
3386 4925 
3387 3828 3311 
3388 4950 
3389 4763 
3390 4860 
3391 4825 
3392 4524 
3393 4913 
3394 4757 
3395 4934 
3396 4634 
3397 4943 
3398 4398 4849 4968 
3399 4996 
3400 4792 
3401 4757 
3402 4879 4969 
3403 4950 
3404 4896 
3405 4629 4757 
3406 4928 
3407 4922 
3408 3563 
3409 4879 
3410 4939 
3411 4922 
3412 4192 
3413 4880 
3414 4039 
3415 4975 
3416 4910 4478 4959 
3417 3417 
3418 4967 
3419 4790 
3420 4816 4976 4367 
3421 4880 
3422 4777 
3423 4894 
3424 4659 
3425 4456 
3426 4921 
3427 4925 
3428 4584 
3429 4997 
3430 4990 
3431 4951 
3432 4964 
3433 4146 
3434 4996 
3435 4966 
3436 4839 
3437 4989 
3438 4184 
3439 4778 
3440 4398 4986 
3441 4874 
3442 4931 
3443 4959 
3444 3548 4331 
3445 4928 
3446 4804 
3447 4983 
3448 4705 
3449 4629 
3450 4849 4950 
3451 4757 
3452 4855 4790 
3453 4804 
3454 4777 
3455 4894 
3456 4975 
3457 4922 
3458 4753 
3459 4965 
3460 4969 
3461 4879 
3462 4990 4933 
3463 4984 
3464 4776 4950 4829 
3465 4970 
3466 4714 
3467 4975 
3468 4192 
3469 4922 
3470 4892 
3471 4997 
3472 4919 
3473 3839 
3474 4819 
3475 4978 
3476 4887 
3477 4943 
3478 4916 
3479 4825 
3480 4950 
3481 4986 
3482 4838 
3483 4979 
3484 4939 
3485 4659 4757 
3486 4913 
3487 4931 
3488 4757 
3489 4910 
3490 4922 
3491 4849 
3492 4970 
3493 4925 
3494 4896 
3495 4198 
3496 3340 3828 3311 
3497 4993 
3498 4586 
3499 4887 
3500 4997 4367 
3501 4942 
3502 4184 4879 
3503 4895 
3504 4671 
3505 4966 
3506 4919 
3507 4931 
3508 4974 
3509 4990 
3510 4983 
3511 4904 
3512 4982 
3513 4039 
3514 4908 
3515 4913 
3516 3311 3828 
3517 1352 
3518 4913 
3519 4804 
3520 4455 4984 
3521 4671 
3522 4910 
3523 4996 
3524 4706 
3525 4941 
3526 3839 4896 
3527 4892 
3528 4896 4778 
3529 4421 
3530 4092 4975 
3531 4455 
3532 4586 
3533 4624 
3534 4895 
3535 3563 4124 
3536 4878 
3537 4976 
3538 4999 
3539 4563 
3540 3839 
3541 4997 
3542 4999 
3543 4943 
3544 4629 4910 
3545 4942 
3546 4198 
3547 4816 
3548 3548 4331 
3549 4970 
3550 4984 
3551 4838 
3552 4584 
3553 4776 
3554 3554 3063 
3555 4809 
3556 4825 
3557 4996 
3558 4980 
3559 4934 
3560 4819 
3561 4742 
3562 4829 
3563 3563 4124 
3564 4816 
3565 4925 
3566 4975 
3567 4990 
3568 4970 
3569 4586 
3570 4892 4590 4819 
3571 4039 4984 
3572 4970 
3573 4904 
3574 4608 
3575 4838 
3576 4941 
3577 4986 
3578 4892 
3579 4976 
3580 4999 
3581 4371 
3582 4892 
3583 4959 
3584 4996 
3585 4997 4983 
3586 4913 
3587 4969 
3588 4904 
3589 4931 
3590 4984 
3591 4849 4977 
3592 4896 
3593 4983 
3594 4421 
3595 4986 
3596 4922 
3597 4192 
3598 4124 
3599 4624 
3600 4881 4804 
3601 4455 
3602 4919 
3603 4983 
3604 4757 4753 
3605 4922 4990 
3606 4969 4970 
3607 3993 
3608 4912 
3609 4976 
3610 4916 
3611 4882 
3612 4879 
3613 4916 
3614 4910 
3615 4629 
3616 4917 4757 
3617 4960 
3618 4997 
3619 4819 
3620 4982 
3621 4975 
3622 4908 
3623 4976 
3624 4986 
3625 4989 
3626 4931 
3627 4960 
3628 4997 4039 4980 
3629 4895 
3630 4959 
3631 4913 
3632 4825 
3633 4708 
3634 4887 
3635 4975 
3636 4812 
3637 5000 
3638 4958 
3639 4939 
3640 4763 
3641 4990 
3642 4964 
3643 4960 
3644 4682 
3645 4950 
3646 4563 4966 4977 
3647 4967 
3648 4897 
3649 4579 
3650 4455 
3651 4816 
3652 4971 
3653 4990 
3654 4714 
3655 4987 
3656 4974 
3657 4968 
3658 4455 
3659 4951 
3660 4455 
3661 4895 
3662 4959 
3663 4933 
3664 4984 
3665 4792 
3666 4928 
3667 4192 4950 4971 
3668 4819 
3669 4146 
3670 4989 
3671 4809 
3672 4629 
3673 4708 
3674 4586 
3675 4885 
3676 4544 4456 
3677 4887 
3678 4968 4838 4943 
3679 4959 
3680 4910 
3681 4942 
3682 4916 
3683 4986 
3684 5000 
3685 4883 
3686 4993 
3687 4896 4969 
3688 4742 
3689 4966 
3690 4980 
3691 4827 
3692 4980 
3693 4913 
3694 4916 
3695 4976 
3696 4999 
3697 4928 
3698 4809 
3699 4993 
3700 4757 
3701 4943 
3702 4880 
3703 4825 
3704 4896 4986 
3705 4996 
3706 4879 
3707 4839 
3708 4996 
3709 4848 
3710 4878 
3711 4882 
3712 4986 
3713 4184 
3714 4943 
3715 4882 
3716 4776 
3717 4454 
3718 4960 
3719 4885 
3720 4790 1352 4885 
3721 4987 
3722 4959 
3723 4742 
3724 5000 
3725 4982 
3726 4878 
3727 4983 
3728 3554 3063 
3729 4634 
3730 4925 
3731 4897 
3732 4978 
3733 4997 
3734 4925 
3735 4184 4590 4829 
3736 4989 
3737 4941 
3738 4970 
3739 4455 
3740 4887 
3741 3839 
3742 4816 
3743 4879 
3744 4987 
3745 4839 
3746 4969 
3747 4966 
3748 4925 
3749 4964 
3750 4982 
3751 4965 
3752 4146 4950 4924 
3753 4971 
3754 4839 
3755 4895 
3756 4753 4976 
3757 4398 
3758 4965 
3759 4809 
3760 4941 
3761 4629 
3762 4804 
3763 4735 
3764 4904 
3765 4879 
3766 4967 
3767 4146 
3768 4579 
3769 4975 
3770 4982 
3771 4608 
3772 3839 
3773 4757 
3774 4997 
3775 4838 
3776 4792 
3777 4925 
3778 4966 
3779 4624 4092 4367 4976 
3780 4993 
3781 4963 
3782 4629 
3783 4996 
3784 4921 
3785 4367 
3786 4544 4456 
3787 4959 
3788 4386 
3789 4921 
3790 4839 
3791 4966 
3792 4386 
3793 4455 4959 4917 4777 
3794 4934 
3795 4838 
3796 4968 
3797 4624 
3798 4913 
3799 4124 3563 
3800 4375 
3801 4993 
3802 4825 
3803 4825 
3804 4804 
3805 4879 
3806 4371 
3807 4975 
3808 4184 
3809 4885 
3810 4997 
3811 4968 
3812 4421 
3813 4146 
3814 4908 
3815 4916 
3816 4855 4980 4860 
3817 4804 
3818 4925 
3819 4921 
3820 4367 
3821 4908 
3822 4912 
3823 4943 
3824 4931 
3825 4896 
3826 4816 
3827 4934 
3828 3311 3828 
3829 4921 
3830 4976 
3831 4931 
3832 3855 
3833 4951 
3834 4943 
3835 4757 
3836 4456 
3837 4776 
3838 4979 
3839 3839 
3840 4917 
3841 4916 
3842 4778 
3843 4969 
3844 4879 
3845 4989 4881 4970 
3846 4917 
3847 4650 
3848 4634 
3849 4959 
3850 4454 
3851 4879 
3852 4969 
3853 4912 
3854 4708 4895 4655 
3855 3855 
3856 4986 
3857 5000 
3858 4990 4544 4456 
3859 4916 
3860 4816 
3861 4753 
3862 4706 
3863 4879 
3864 4919 
3865 4375 
3866 4592 
3867 4198 
3868 4943 
3869 4925 
3870 4848 
3871 4896 
3872 4778 
3873 4896 
3874 4579 
3875 4969 
3876 4671 
3877 4986 
3878 4967 
3879 4706 
3880 4860 
3881 4916 
3882 4579 
3883 4790 
3884 4979 
3885 4563 
3886 5000 
3887 4892 
3888 4989 
3889 4092 
3890 4892 
3891 4421 4838 5000 
3892 4809 
3893 4634 
3894 4964 
3895 4980 
3896 4996 
3897 4421 
3898 4860 
3899 5000 
3900 4942 
3901 4184 
3902 4825 4997 
3903 4950 
3904 4735 
3905 4959 4976 4978 
3906 4965 4809 
3907 4941 4931 4705 4804 4986 
3908 4924 
3909 4839 
3910 4650 
3911 4590 
3912 1352 4990 4829 4816 
3913 4965 
3914 4705 
3915 4977 
3916 4939 
3917 4976 
3918 4887 
3919 4809 
3920 4974 
3921 4809 
3922 4584 
3923 4421 
3924 4997 
3925 4931 
3926 4963 
3927 4809 
3928 4950 
3929 4882 
3930 4829 
3931 4960 
3932 4970 
3933 4894 
3934 4039 
3935 4757 
3936 4917 
3937 4896 
3938 4921 4790 4943 
3939 4934 
3940 4584 
3941 4970 
3942 4579 
3943 4974 
3944 4590 
3945 4375 
3946 4970 
3947 4860 
3948 4184 4879 4809 4917 
3949 4960 
3950 4848 
3951 5000 
3952 4951 
3953 4896 
3954 4904 
3955 4934 
3956 4881 
3957 4942 
3958 4456 4544 
3959 4371 
3960 4776 
3961 4757 
3962 4921 
3963 4967 
3964 4950 
3965 4939 
3966 4931 4584 4753 
3967 4964 
3968 4916 
3969 3063 2309 3554 
3970 4624 
3971 4421 
3972 4809 
3973 4990 
3974 4634 
3975 4367 
3976 4958 
3977 4371 
3978 4849 
3979 4939 
3980 4997 
3981 5000 
3982 4971 
3983 4398 
3984 4990 4879 4912 4958 
3985 4931 
3986 4735 
3987 4590 
3988 4855 
3989 4978 
3990 4455 
3991 4778 4706 4931 
3992 4979 
3993 3993 
3994 4967 
3995 4849 
3996 4922 
3997 4584 
3998 4753 
3999 4454 
4000 4921 
4001 4959 
4002 4971 
4003 4969 4950 4839 4689 
4004 4980 
4005 4825 
4006 4039 
4007 4880 
4008 4272 
4009 4705 
4010 4584 
4011 4624 4825 4963 4968 
4012 4848 
4013 4897 
4014 4079 4825 4375 4839 
4015 4860 
4016 4650 4838 4913 4983 
4017 4874 
4018 5000 
4019 4714 
4020 4757 
4021 4964 
4022 4974 
4023 4950 
4024 4706 
4025 4924 
4026 4829 
4027 4925 
4028 4829 4950 4386 4524 
4029 4592 
4030 4895 
4031 4897 
4032 4939 
4033 4776 
4034 4983 
4035 4198 
4036 4931 
4037 4912 
4038 4706 
4039 4039 
4040 4819 
4041 4757 
4042 4997 
4043 4925 4880 4924 4777 4839 
4044 4708 
4045 4960 
4046 4959 
4047 4941 
4048 4997 4979 4882 4879 4919 
4049 4987 
4050 4919 
4051 4910 
4052 4984 
4053 4959 
4054 4975 
4055 4735 
4056 4757 
4057 4849 
4058 4706 
4059 4983 
4060 4959 
4061 4912 
4062 4367 
4063 4809 4590 4885 4993 
4064 4919 
4065 4778 4671 4375 4917 4969 
4066 4776 
4067 4478 
4068 4879 
4069 4761 
4070 4933 
4071 4629 4682 4671 1352 4778 
4072 4757 
4073 4989 
4074 4079 
4075 4968 
4076 4371 
4077 4980 
4078 4895 
4079 4079 
4080 4970 
4081 4970 
4082 4990 
4083 4735 4671 4124 4989 4990 
4084 4544 4456 
4085 4916 
4086 4963 
4087 4963 
4088 4706 
4089 4881 
4090 5000 
4091 4735 4993 4975 4792 4960 
4092 4092 
4093 4421 4983 4968 4976 4980 
4094 4950 
4095 4386 
4096 4975 3063 3993 4958 
4097 4967 
4098 4371 4934 4735 4928 
4099 4590 
4100 4708 
4101 4659 
4102 4761 
4103 4825 
4104 4039 
4105 4848 
4106 4735 
4107 4849 
4108 4838 
4109 4592 
4110 4863 
4111 4855 
4112 4924 4878 4682 4860 
4113 4959 
4114 4942 
4115 4964 
4116 4792 
4117 4809 
4118 4849 
4119 4885 
4120 4757 
4121 4950 
4122 4838 
4123 4990 
4124 4124 
4125 4757 
4126 4925 4913 4984 4908 
4127 4849 
4128 4880 
4129 4941 
4130 4776 
4131 4959 
4132 4967 
4133 4827 
4134 4650 
4135 4839 
4136 4999 
4137 4874 
4138 4941 4989 4931 4987 4968 
4139 4913 
4140 4959 
4141 4959 
4142 4778 
4143 4706 
4144 4916 
4145 4895 
4146 4146 
4147 4894 
4148 4819 
4149 4969 
4150 4925 
4151 4964 
4152 4925 
4153 4912 
4154 4829 
4155 4563 
4156 4925 
4157 4592 
4158 4659 
4159 4778 
4160 4367 
4161 4584 
4162 4942 
4163 4928 
4164 4192 
4165 4371 
4166 4910 
4167 4860 
4168 4848 
4169 4455 
4170 4386 
4171 4941 4848 4586 4970 4762 
4172 4198 
4173 4708 
4174 4849 
4175 4839 
4176 4908 4990 4989 4735 
4177 4984 
4178 4608 
4179 4849 
4180 4966 
4181 4650 4960 4272 4421 4978 
4182 4990 4924 4331 4885 4895 
4183 4999 
4184 4184 
4185 4371 
4186 4950 
4187 4910 
4188 4921 
4189 4964 
4190 4375 
4191 4963 
4192 4192 
4193 4968 4990 4878 4974 
4194 4970 
4195 4916 
4196 4735 
4197 4913 
4198 4198 
4199 4941 
4200 4928 
4201 4421 
4202 4763 
4203 4885 
4204 5000 
4205 4922 
4206 4892 
4207 4910 
4208 4943 
4209 4904 
4210 4655 4987 4971 4921 
4211 4976 
4212 5000 
4213 4951 
4214 4849 
4215 4964 
4216 4931 
4217 4950 
4218 4968 
4219 4829 4819 4975 4933 4908 
4220 4904 
4221 4757 
4222 4970 
4223 4966 
4224 4975 
4225 4735 
4226 4809 
4227 4939 
4228 4922 
4229 4714 
4230 4881 4146 4371 4863 
4231 4971 
4232 4398 
4233 4878 
4234 4943 
4235 4809 
4236 4897 
4237 4997 
4238 4524 
4239 4913 
4240 4753 
4241 4454 4987 4912 
4242 4849 
4243 4146 
4244 4761 
4245 4971 
4246 4079 
4247 4883 
4248 4999 
4249 4921 4757 
4250 4454 4984 4979 4925 4941 
4251 4778 
4252 4421 
4253 4454 
4254 4563 
4255 4941 
4256 4974 
4257 4895 
4258 4996 
4259 4742 
4260 4922 4825 4592 4970 
4261 3311 3340 
4262 4916 
4263 4650 
4264 4986 
4265 4919 
4266 4778 4968 4934 4984 4921 
4267 4977 
4268 4970 
4269 4855 
4270 4757 
4271 4924 
4272 4272 
4273 4971 
4274 4827 
4275 4885 
4276 3993 
4277 4950 
4278 4965 4971 4880 
4279 4880 
4280 4524 
4281 4634 
4282 4829 
4283 4863 
4284 4972 
4285 4892 
4286 4925 
4287 4924 4895 4966 4942 5000 
4288 4933 
4289 4925 
4290 4963 
4291 5000 
4292 4975 
4293 4933 
4294 4986 
4295 4996 4970 4848 4968 
4296 4919 4978 4984 4592 4971 
4297 4983 
4298 4848 
4299 4894 4757 4849 4478 4989 
4300 4916 
4301 4742 
4302 4874 
4303 4925 
4304 4879 
4305 4967 
4306 5000 4590 4880 4922 4792 
4307 4960 
4308 4964 
4309 4829 
4310 4849 
4311 4950 
4312 4970 
4313 4829 
4314 4809 
4315 4563 4904 4776 4980 
4316 4753 
4317 4950 
4318 4984 
4319 4879 
4320 4975 
4321 5000 
4322 4819 
4323 4967 
4324 4883 
4325 4986 
4326 4968 
4327 4984 
4328 4882 
4329 4934 
4330 4849 
4331 4331 3548 
4332 4742 
4333 4894 
4334 4942 
4335 4778 
4336 4975 
4337 4982 
4338 4819 
4339 4910 
4340 4816 
4341 4977 
4342 4976 
4343 4975 
4344 4942 
4345 4839 
4346 4584 
4347 4881 4706 4950 4478 
4348 5000 
4349 4892 
4350 4924 
4351 4735 
4352 4960 
4353 4762 
4354 4925 
4355 4896 4925 4950 4922 
4356 4904 
4357 4931 
4358 4753 
4359 4689 
4360 4629 
4361 4742 
4362 4456 4544 
4363 4753 
4364 4895 
4365 4950 
4366 4986 
4367 4367 
4368 4776 
4369 4896 
4370 4757 
4371 4371 
4372 4825 
4373 4629 
4374 4969 4563 4970 
4375 4375 
4376 4978 4478 4882 4977 
4377 4922 4969 4735 4971 
4378 4964 4950 4524 4958 
4379 4272 
4380 4819 
4381 4894 
4382 4039 
4383 4706 
4384 4455 4913 3828 4996 4974 
4385 4878 
4386 4386 
4387 4887 
4388 4629 
4389 4879 4987 4925 4895 4882 
4390 4964 
4391 4879 
4392 4825 
4393 4997 
4394 4386 4950 4958 4659 
4395 4965 
4396 4996 
4397 4753 
4398 4398 
4399 4882 
4400 4990 
4401 4895 
4402 4855 
4403 4855 4982 4970 4958 4968 
4404 4904 
4405 4855 
4406 4879 
4407 4980 
4408 4887 4860 4969 
4409 4763 
4410 4941 
4411 4983 
4412 4959 
4413 4809 
4414 4968 
4415 4977 
4416 4860 
4417 4950 
4418 4939 
4419 4839 
4420 4848 4979 4671 4192 
4421 4421 
4422 4887 
4423 4964 
4424 4986 
4425 4849 
4426 4993 
4427 4968 
4428 4910 
4429 4885 
4430 4989 
4431 4984 
4432 4913 
4433 4544 4456 
4434 4586 
4435 4455 
4436 4910 
4437 4825 4986 4910 4894 4421 
4438 4655 
4439 3993 
4440 4960 4624 4964 4809 4933 
4441 4941 4964 4931 4809 4987 
4442 4941 
4443 4735 
4444 4880 
4445 4972 
4446 4634 
4447 4742 
4448 4990 
4449 4629 
4450 4897 
4451 4939 
4452 4990 
4453 4827 
4454 4454 
4455 4455 
4456 4456 
4457 4735 4804 4456 4963 4933 
4458 4987 
4459 4892 4975 4970 5000 4997 
4460 4563 
4461 4655 
4462 4849 
4463 4827 
4464 4885 
4465 4984 
4466 4885 
4467 4874 
4468 4735 
4469 4996 
4470 4883 
4471 4897 
4472 4778 
4473 4980 
4474 4879 
4475 4792 
4476 4971 
4477 4809 
4478 4478 
4479 4586 
4480 4848 
4481 4968 
4482 4972 
4483 4970 
4484 4848 
4485 4885 
4486 4855 
4487 4706 
4488 4922 
4489 4983 
4490 4997 
4491 4958 
4492 4671 
4493 4885 
4494 4880 
4495 4776 
4496 4925 
4497 4922 
4498 4777 
4499 4882 
4500 4792 
4501 4928 
4502 4825 
4503 4809 
4504 4965 4913 4904 4984 4978 
4505 4917 
4506 4855 
4507 4608 
4508 4951 
4509 4950 
4510 4827 
4511 4827 
4512 4969 
4513 4655 
4514 4979 
4515 4887 
4516 4972 
4517 4939 
4518 4986 
4519 4838 
4520 4671 
4521 4839 
4522 4819 
4523 4987 
4524 4524 
4525 5000 
4526 4848 
4527 4963 
4528 4917 
4529 4950 
4530 4849 4979 4989 4971 4912 4897 
4531 4809 4943 4778 4855 4997 
4532 4878 
4533 4895 4968 5000 4996 4989 
4534 4975 
4535 4969 
4536 4990 
4537 4943 
4538 4959 
4539 4980 
4540 4924 
4541 4916 
4542 4885 
4543 4966 
4544 4544 4456 
4545 4778 4371 4848 4184 4659 
4546 4849 
4547 4592 
4548 4192 4371 3063 4590 4848 
4549 4838 
4550 4689 
4551 4921 4757 4456 4454 4874 
4552 4951 
4553 4993 
4554 4996 
4555 4892 
4556 4544 4456 
4557 4967 
4558 4816 
4559 4706 
4560 4958 
4561 4879 
4562 4984 
4563 4563 
4564 4970 
4565 4895 
4566 4969 
4567 4934 
4568 4939 
4569 4974 
4570 4972 
4571 4970 
4572 4778 
4573 4933 
4574 4928 
4575 4960 
4576 4590 
4577 4885 
4578 4964 
4579 4579 
4580 4878 
4581 4916 
4582 4762 
4583 4922 
4584 4584 
4585 4933 
4586 4586 
4587 4978 
4588 4904 
4589 4990 
4590 4590 
4591 4761 
4592 4592 
4593 4924 
4594 4982 
4595 4971 
4596 4885 
4597 4848 
4598 4863 
4599 4650 
4600 4753 4629 4996 4967 4982 
4601 4967 
4602 4913 
4603 4913 
4604 4990 4816 5000 4971 4989 
4605 4874 
4606 4989 4959 4963 4967 
4607 4885 
4608 4608 
4609 4924 
4610 4916 
4611 4987 
4612 4978 
4613 4933 
4614 4827 
4615 4916 
4616 4943 
4617 4879 4880 4524 4912 4980 
4618 4825 
4619 4987 
4620 4879 
4621 4983 
4622 4584 4950 4931 4983 4982 
4623 4997 
4624 4624 
4625 4987 
4626 4829 4983 4964 4986 
4627 4922 
4628 4827 
4629 4629 
4630 4980 
4631 4421 
4632 4912 
4633 4455 
4634 4634 
4635 4963 
4636 4706 
4637 4999 
4638 4421 
4639 4809 
4640 4916 
4641 4913 
4642 4924 
4643 4146 
4644 4987 
4645 4989 
4646 4855 
4647 4989 
4648 4910 
4649 4925 
4650 4650 
4651 4934 
4652 4735 
4653 4895 
4654 4714 
4655 4655 
4656 4895 
4657 4878 
4658 4916 
4659 4659 
4660 4996 4039 4978 4916 4986 
4661 4913 
4662 4916 
4663 4761 
4664 4629 4735 4978 4971 
4665 4971 
4666 4971 
4667 4941 
4668 4879 
4669 5000 4456 4943 4966 4367 
4670 4959 
4671 4671 
4672 4963 
4673 4735 
4674 4974 
4675 4904 
4676 4941 
4677 4124 4960 4931 4989 4544 
4678 4990 4367 4931 4983 4825 
4679 4885 4950 4879 4982 4896 
4680 4970 
4681 4790 
4682 4682 4879 
4683 4977 
4684 4941 
4685 4371 4950 4887 4963 4972 
4686 4943 
4687 4839 
4688 4968 
4689 4689 
4690 4421 4879 4855 4934 4986 
4691 4762 
4692 4904 4966 4997 4982 4969 
4693 4896 
4694 4996 
4695 4629 
4696 4848 
4697 4904 
4698 4819 
4699 4592 
4700 4970 
4701 4892 
4702 4706 4922 
4703 4863 
4704 4966 
4705 4705 
4706 4706 
4707 4925 
4708 4708 
4709 4977 
4710 4999 
4711 4968 
4712 4950 
4713 4960 
4714 4714 
4715 4735 
4716 4931 
4717 4989 
4718 4999 
4719 4968 
4720 4879 
4721 4455 
4722 4972 
4723 4986 
4724 4753 
4725 4964 
4726 4455 4478 4272 4367 4982 
4727 4761 
4728 4975 
4729 4882 
4730 4757 
4731 4829 
4732 4819 
4733 4671 
4734 4993 
4735 4735 
4736 4916 4913 4950 4895 4829 
4737 4146 4689 4931 4979 3993 
4738 4987 
4739 4971 
4740 4964 
4741 4982 
4742 4742 
4743 4624 4895 4941 4980 4933 
4744 4882 
4745 4880 
4746 4885 
4747 4984 
4748 4934 
4749 4983 
4750 4999 
4751 4456 4544 
4752 4960 
4753 4753 
4754 4908 
4755 4839 
4756 4943 
4757 4757 
4758 4969 
4759 4839 
4760 4980 
4761 4761 
4762 4762 
4763 4763 
4764 4971 
4765 4997 
4766 4972 
4767 4996 
4768 4849 1352 4950 4959 4878 
4769 4968 
4770 4984 
4771 4990 
4772 4960 
4773 4976 
4774 4984 
4775 4925 
4776 4776 
4777 4777 
4778 4778 
4779 4778 
4780 4969 
4781 4980 
4782 4879 4809 3993 5000 4827 
4783 4999 
4784 4967 
4785 4885 
4786 4922 
4787 4912 
4788 4969 
4789 4972 4819 4706 4880 4970 
4790 4790 
4791 4714 
4792 4792 
4793 4950 
4794 4963 4941 4966 4860 4983 
4795 4860 
4796 4971 
4797 4951 
4798 4804 4993 4671 4371 4792 
4799 4984 
4800 4897 
4801 4939 
4802 4919 
4803 4969 
4804 4804 
4805 4761 
4806 4986 
4807 4968 
4808 4964 
4809 4809 
4810 4912 
4811 4879 
4812 4812 
4813 4398 4735 4943 4776 4849 
4814 4997 4714 4993 4367 4708 4987 
4815 4960 
4816 4816 
4817 4941 
4818 4827 
4819 4819 
4820 4943 
4821 4761 
4822 4984 
4823 4989 
4824 4943 
4825 4825 
4826 4829 
4827 4827 
4828 4996 
4829 4829 
4830 4967 
4831 4757 
4832 4968 
4833 4990 4983 4708 4963 
4834 4819 
4835 4976 
4836 4921 
4837 4987 
4838 4838 
4839 4839 
4840 4980 
4841 4939 
4842 4882 
4843 4146 
4844 4943 
4845 4922 
4846 4974 
4847 4975 
4848 4848 
4849 4849 
4850 4964 
4851 4849 
4852 4970 
4853 4984 
4854 4874 
4855 4855 
4856 4970 
4857 4963 
4858 4980 
4859 4970 
4860 4860 
4861 4925 
4862 4976 
4863 4863 
4864 4987 
4865 4970 
4866 4629 4919 4924 4979 4916 
4867 4933 
4868 4989 
4869 4941 
4870 4897 
4871 4950 4895 4999 4904 4454 4968 
4872 4951 
4873 4941 
4874 4874 
4875 4885 
4876 4706 
4877 4885 4913 4629 4124 4916 
4878 4878 
4879 4879 
4880 4880 
4881 4881 
4882 4882 
4883 4883 
4884 4941 
4885 4885 
4886 4855 4990 4819 4908 4761 
4887 4887 
4888 4092 4950 4825 4778 4880 
4889 4982 
4890 4997 
4891 4916 
4892 4892 
4893 5000 
4894 4894 
4895 4895 
4896 4896 
4897 4897 
4898 5000 
4899 4897 4951 4910 4331 4963 
4900 4986 
4901 4990 
4902 4634 4919 4757 4978 1352 
4903 4921 
4904 4904 
4905 4375 4968 4959 4885 4863 
4906 4913 
4907 4997 
4908 4908 
4909 4963 
4910 4910 
4911 4990 4892 4778 4964 4912 
4912 4912 
4913 4913 
4914 4990 
4915 4971 
4916 4916 
4917 4917 
4918 4974 
4919 4919 
4920 4969 
4921 4921 
4922 4922 
4923 4849 4375 4969 4997 4689 4839 
4924 4924 
4925 4925 
4926 4970 
4927 4997 
4928 4928 
4929 4979 4959 4975 4939 4984 5000 
4930 4977 
4931 4931 
4932 4986 
4933 4933 
4934 4934 
4935 4999 
4936 4997 
4937 4958 
4938 4974 
4939 4939 
4940 4968 
4941 4941 
4942 4942 
4943 4943 
4944 4848 4931 4983 4882 4959 
4945 4964 
4946 4990 
4947 4987 
4948 4933 
4949 4976 
4950 4950 
4951 4951 
4952 4146 4895 4950 4879 4933 
4953 4941 
4954 4950 
4955 4969 
4956 4921 4894 4367 5000 3340 
4957 4879 
4958 4958 
4959 4959 
4960 4960 
4961 4757 4965 4887 4735 4970 
4962 4892 3839 4972 4919 4970 
4963 4963 
4964 4964 
4965 4965 
4966 4966 
4967 4967 
4968 4968 
4969 4969 
4970 4970 
4971 4971 
4972 4972 
4973 4964 
4974 4974 
4975 4975 
4976 4976 
4977 4977 
4978 4978 
4979 4979 
4980 4980 
4981 4978 
4982 4982 
4983 4983 
4984 4984 
4985 4997 
4986 4986 
4987 4987 
4988 4984 
4989 4989 
4990 4990 
4991 4895 
4992 4916 
4993 4993 
4994 4986 
4995 4986 4790 4375 4913 4997 
4996 4996 
4997 4997 
4998 4825 4942 4883 4375 4706 
4999 4999 
5000 5000 
