1 3978 4259 3946 
2 4150 3109 
3 4986 
4 4967 
5 4716 
6 4990 
7 4733 
8 4425 
9 3794 
10 4916 
11 4883 
12 4947 
13 4721 
14 4967 
15 4997 
16 4794 
17 4990 
18 4949 
19 4981 
20 4655 
21 4516 
22 4983 
23 4967 
24 4500 
25 4916 
26 4422 
27 4376 
28 4500 
29 4906 
30 4618 
31 4959 
32 4953 
33 4817 
34 4758 
35 4820 
36 4794 
37 4916 
38 4947 
39 4746 
40 4657 
41 4846 
42 4604 
43 4933 4896 
44 3946 4822 4993 
45 4927 
46 4773 4847 
47 4748 
48 4547 
49 3978 4817 4772 
50 4983 
51 4912 
52 4959 
53 4819 
54 4975 4981 
55 4892 
56 4524 4984 
57 4740 
58 4947 
59 4989 
60 4524 4852 
61 4794 
62 4983 
63 4853 4524 
64 4500 
65 4859 
66 4933 
67 4729 
68 4385 
69 4977 
70 4947 
71 4604 4941 4943 
72 4859 
73 4604 
74 4667 
75 4868 
76 4707 4598 
77 4385 
78 4819 
79 4598 
80 4764 
81 4926 
82 4632 
83 4977 4846 
84 4971 
85 4847 
86 4867 
87 4150 
88 4967 
89 4942 
90 4991 
91 4885 
92 4731 
93 4731 
94 4949 
95 4495 
96 4667 4594 
97 4997 
98 4764 
99 4748 4866 
100 4968 4244 
101 4938 
102 4949 
103 4947 4604 
104 4985 
105 4707 
106 4902 
107 4899 
108 4924 
109 4259 
110 4763 3946 
111 4891 
112 4893 
113 3946 4853 
114 4973 
115 4988 
116 4733 
117 4721 
118 4385 4990 
119 4166 
120 4951 
121 4876 
122 4125 
123 4244 
124 4942 
125 4614 
126 4953 
127 4871 
128 4859 
129 4376 
130 4981 
131 4608 
132 4975 
133 4876 
134 4915 
135 4947 
136 4455 
137 4989 
138 4820 
139 4883 
140 4456 
141 4926 
142 4984 
143 4912 
144 4924 
145 4989 
146 4259 4987 4948 
147 4986 
148 4973 4681 
149 4594 
150 4867 
151 4972 
152 4407 4733 
153 4906 
154 4288 4967 3981 
155 4951 
156 4892 
157 4384 
158 4629 
159 4669 
160 4686 
161 4948 4763 4667 
162 4758 
163 4608 
164 4948 
165 4733 
166 4911 
167 4977 
168 4942 
169 4995 
170 4667 
171 4822 
172 4667 
173 4988 
174 4808 
175 4896 
176 4949 
177 4813 
178 3946 4985 
179 4707 
180 4895 
181 4817 
182 4935 
183 4899 
184 4924 
185 4983 
186 4859 
187 4758 
188 4990 4994 
189 4865 
190 4915 
191 4979 
192 4875 
193 4981 
194 4903 4947 
195 4647 
196 4614 
197 4338 
198 4973 4166 4958 
199 4456 
200 1861 
201 4846 
202 3946 
203 4968 
204 4503 
205 3999 
206 4997 
207 4244 
208 4594 
209 4935 
210 4975 4979 
211 4892 
212 4647 
213 4858 
214 4385 
215 4876 
216 4995 
217 4868 
218 3455 
219 4895 
220 4924 
221 4283 
222 4802 
223 4990 
224 4888 
225 4455 4864 
226 4707 
227 4817 
228 4906 
229 4822 
230 4876 
231 4547 4746 4709 
232 4657 
233 4608 
234 4657 
235 4920 
236 4773 
237 4895 
238 4990 
239 4707 
240 4822 
241 4407 
242 4987 
243 4989 
244 4384 
245 4317 
246 4614 
247 4808 
248 4847 
249 4740 
250 4990 
251 4927 
252 3978 
253 4875 
254 4951 
255 4632 
256 4979 4772 4941 
257 4895 
258 4669 
259 4913 
260 4983 
261 4916 
262 4376 
263 4935 
264 4888 
265 4902 
266 4828 4589 
267 4853 
268 4893 
269 4964 
270 4969 
271 4871 
272 4764 
273 4244 
274 4981 
275 4948 
276 4524 
277 4635 
278 4938 
279 3455 
280 4741 
281 4990 
282 4892 
283 4618 
284 3978 
285 4867 
286 4942 4632 4647 
287 4938 
288 4927 
289 4721 
290 4865 
291 4259 
292 4927 
293 4953 
294 4998 
295 4981 
296 3109 
297 4667 
298 4846 
299 4985 
300 4763 
301 4341 
302 4915 
303 4808 
304 4820 
305 4844 
306 4876 
307 4817 
308 4967 
309 4935 
310 4896 
311 4972 
312 4895 
313 4773 4916 
314 4990 
315 3597 
316 4973 4495 
317 4773 
318 4938 
319 4912 
320 3946 
321 4674 
322 4912 
323 4338 
324 4667 4969 
325 4844 
326 4669 
327 4925 
328 4772 
329 4655 
330 4892 
331 4902 
332 4868 
333 4886 
334 4964 
335 4895 
336 4150 
337 4763 4893 
338 4935 
339 4947 4958 
340 4288 
341 3984 
342 4958 
343 4655 
344 4385 
345 4707 
346 4893 
347 4991 
348 4987 4681 
349 4495 
350 4886 
351 4920 
352 4820 
353 4975 
354 4385 
355 4867 
356 3981 
357 4916 
358 4376 
359 4972 
360 4500 
361 4160 
362 4686 
363 4885 
364 4594 
365 3946 4707 
366 4985 
367 4948 4608 
368 4866 
369 4988 
370 4967 
371 4935 
372 4763 
373 4669 
374 4608 
375 4948 
376 4594 4852 
377 4920 
378 4871 
379 4935 
380 4407 
381 4847 
382 4927 
383 4943 
384 4740 4846 
385 4926 
386 4541 
387 387 
388 4885 
389 4959 
390 4524 4741 4967 
391 4594 
392 4912 
393 4947 
394 4981 
395 3597 4244 4903 
396 4998 
397 4716 
398 4951 
399 4731 
400 4844 
401 4942 
402 4773 
403 4888 
404 4875 
405 3712 
406 4784 
407 4947 
408 4977 
409 4667 
410 4972 
411 4820 4802 
412 4125 
413 4979 
414 4920 
415 4385 4864 
416 4820 
417 4987 
418 4244 4632 
419 4763 4998 
420 4948 4450 4176 
421 4707 
422 3109 
423 4975 
424 4881 
425 4866 
426 4951 
427 4614 
428 444 
429 4985 4886 
430 4828 
431 3981 
432 4055 
433 4904 
434 3981 4176 4828 
435 4802 
436 4707 
437 4902 
438 4994 4589 
439 4002 
440 4977 
441 4288 
442 4740 
443 4763 
444 444 
445 4125 
446 4707 
447 4971 
448 4967 
449 4991 
450 4913 
451 4959 
452 4407 
453 4160 
454 4853 4794 
455 4620 
456 4990 
457 4865 
458 4955 
459 4989 
460 4871 
461 4977 
462 4967 
463 4495 4828 
464 4456 
465 4594 
466 4948 
467 4763 
468 4911 
469 4948 4942 
470 4886 
471 4990 
472 4958 
473 4968 
474 4935 
475 4376 
476 4994 
477 4925 4716 
478 4709 
479 4998 
480 4876 
481 4500 
482 4951 
483 4707 4959 
484 4913 
485 4975 
486 4709 4948 4524 
487 4969 
488 4927 
489 4917 
490 4524 
491 4341 
492 4903 
493 4994 
494 4947 4495 4994 
495 4288 
496 4667 
497 4657 
498 4994 
499 4989 
500 4967 
501 4892 
502 4608 
503 4384 
504 4964 
505 4740 
506 4995 
507 4166 4935 
508 4906 
509 4951 
510 4975 
511 4244 4125 4993 
512 4763 
513 4911 
514 4764 3597 4871 
515 4949 
516 4341 
517 4669 
518 4871 
519 4500 
520 4943 
521 4949 
522 4977 
523 4975 
524 4979 
525 4895 
526 4938 
527 4972 
528 4906 
529 4943 
530 4947 
531 4414 4425 
532 3703 
533 4500 
534 4608 4975 4973 
535 4741 
536 4977 
537 4425 
538 4746 
539 4707 
540 4764 
541 4947 
542 4875 
543 4988 
544 4938 
545 4707 
546 4886 
547 4948 
548 4817 
549 4938 
550 4964 
551 4964 4859 
552 4846 
553 4955 
554 4876 
555 4288 
556 4763 4589 
557 4858 
558 4985 
559 4758 
560 4784 
561 4953 
562 4925 
563 4500 
564 4993 
565 4949 
566 4904 
567 3712 
568 4948 
569 4969 
570 4716 4983 
571 4746 
572 4972 
573 4657 
574 4967 4820 
575 4977 
576 4991 4986 
577 4376 
578 4892 
579 4763 
580 4911 
581 4986 
582 4991 4886 
583 4589 
584 4973 
585 4888 
586 4911 
587 3978 
588 4865 
589 4986 
590 4993 
591 4895 
592 4604 
593 4541 
594 4998 
595 4871 
596 2670 
597 4822 
598 4589 
599 4638 
600 4994 
601 4883 
602 4740 
603 4987 
604 4317 
605 4903 
606 848 
607 4951 
608 4376 
609 4647 
610 4338 4822 
611 4968 
612 4885 
613 4986 
614 4864 
615 4524 
616 4341 
617 3731 
618 1861 
619 4903 
620 4604 
621 4635 
622 4979 
623 4758 
624 3794 
625 4911 
626 4926 
627 4969 
628 4990 
629 4864 4813 
630 4953 
631 4524 3703 
632 4971 
633 4632 
634 4959 
635 4674 
636 3978 
637 4847 
638 4244 
639 4994 
640 4895 
641 4904 
642 3946 
643 4632 
644 4917 
645 4868 
646 4635 
647 4794 
648 4916 
649 4915 
650 4913 
651 4846 
652 4883 
653 4988 
654 4933 4608 4985 
655 4859 
656 4935 
657 4927 
658 4594 
659 4871 
660 4895 
661 4985 
662 4407 
663 4376 
664 4989 
665 4994 
666 4959 
667 4351 
668 4608 
669 4716 4925 
670 4865 
671 1861 
672 4924 
673 4150 
674 4948 
675 4844 
676 4822 
677 4852 
678 4495 
679 4959 
680 4385 
681 4986 
682 3946 
683 4729 
684 4317 
685 4516 
686 4981 
687 4912 
688 4822 
689 4614 
690 4813 
691 4868 
692 4125 
693 4935 
694 3946 
695 4686 
696 4716 
697 4998 
698 4604 
699 4844 
700 4912 
701 4977 
702 4376 
703 4891 
704 4772 
705 4915 
706 4989 
707 4632 
708 4594 
709 3981 4547 
710 4414 
711 4998 
712 3981 
713 4817 
714 4917 
715 4991 
716 4055 
717 4160 
718 4959 
719 4667 
720 4911 
721 4731 
722 4844 
723 4376 
724 4969 
725 4620 
726 4938 
727 4947 
728 4455 4866 
729 4667 4896 4941 
730 4618 
731 4958 
732 4892 
733 4885 
734 4964 
735 4125 
736 3946 4899 
737 4758 
738 4973 
739 4647 
740 4911 
741 4746 
742 4629 
743 4868 
744 4638 
745 4341 4709 
746 4740 
747 4002 
748 4655 
749 4524 
750 4859 
751 4915 
752 4125 4891 
753 4618 
754 4822 
755 4853 
756 4773 
757 4953 
758 4589 
759 4989 
760 4844 
761 4729 
762 4935 
763 4913 
764 4938 
765 3946 4341 
766 4953 
767 4414 4967 4948 
768 4947 
769 4994 
770 4972 
771 4740 
772 4733 
773 4998 
774 4972 
775 4244 
776 4985 
777 4853 
778 4916 
779 4896 
780 4876 
781 4867 
782 3455 
783 4913 
784 4977 
785 4711 
786 4859 
787 4125 
788 4516 
789 3978 
790 4338 
791 4968 
792 3794 
793 4709 4385 
794 4955 
795 4892 
796 4852 
797 4844 
798 4968 
799 4892 
800 4991 
801 3946 
802 4802 
803 4667 
804 4503 
805 4924 
806 4933 
807 4655 
808 4667 
809 4864 
810 4859 4594 
811 4949 
812 4968 
813 4763 
814 4983 
815 4802 
816 4933 
817 4655 
818 4984 
819 4911 
820 4953 
821 4618 
822 4886 
823 4414 
824 4883 
825 4376 
826 4871 
827 4871 
828 4764 
829 4990 
830 4669 
831 4859 
832 4604 
833 3869 
834 4942 4758 4858 
835 4998 
836 4912 
837 4746 
838 4868 
839 4731 
840 2670 
841 4716 
842 4969 
843 4995 
844 4951 
845 4969 
846 4524 4934 
847 4906 
848 848 
849 4817 
850 4741 
851 4711 4681 
852 4943 
853 4926 
854 4632 
855 4917 
856 4376 
857 4244 
858 4883 
859 4896 
860 4975 
861 4867 
862 4920 
863 4886 
864 4935 
865 4951 
866 4500 4516 4943 4941 
867 4681 
868 4984 
869 4892 
870 4317 
871 4503 
872 4500 
873 4516 
874 4384 
875 4990 
876 4893 4958 
877 4935 
878 4896 
879 4991 4899 4886 
880 4924 
881 4657 
882 4802 
883 4865 
884 3512 4986 
885 4176 4516 
886 4913 
887 4968 
888 888 
889 4516 
890 4422 
891 4244 4896 4973 
892 4935 
893 4716 
894 4892 
895 4686 
896 4655 
897 4822 
898 4524 4995 
899 4896 
900 4844 
901 4450 
902 4681 
903 3512 
904 4772 
905 4958 
906 4598 4926 4817 4979 
907 4988 
908 4906 
909 4951 
910 4968 
911 4629 
912 4994 4913 
913 4912 
914 4871 
915 3149 
916 4773 4763 4987 
917 4883 
918 4916 
919 4763 
920 4629 
921 3978 
922 4994 
923 4951 
924 4886 
925 4948 
926 4924 
927 4989 
928 4943 
929 4244 
930 4629 
931 4991 
932 4847 
933 4886 
934 4547 
935 4686 
936 4893 
937 4891 
938 4425 
939 4892 
940 4871 
941 4886 4822 
942 4859 
943 4740 
944 4896 
945 4896 4888 4985 
946 4150 
947 4376 
948 4425 
949 4746 
950 4973 4763 
951 4516 
952 4817 
953 4926 
954 4618 
955 4947 
956 888 
957 4958 
958 4716 
959 4635 
960 4968 
961 4450 
962 4817 
963 4906 
964 4912 
965 4987 
966 4995 
967 4924 4740 
968 4541 
969 4949 
970 4886 
971 4935 
972 4927 
973 4958 
974 4959 
975 4886 
976 4951 
977 4450 
978 1133 4817 
979 4934 4964 
980 4456 
981 4244 
982 4852 
983 4916 
984 4911 
985 4608 
986 4972 
987 4885 4608 4984 
988 4888 
989 4709 
990 4455 
991 4985 
992 4822 
993 4989 
994 4938 
995 4943 
996 4967 4731 
997 4802 
998 4981 
999 4891 
1000 4920 
1001 4986 
1002 4669 
1003 4741 
1004 4985 
1005 4987 
1006 4667 4994 4638 
1007 4338 
1008 3512 
1009 4906 
1010 4927 
1011 4906 
1012 4983 
1013 4947 
1014 4867 
1015 4989 
1016 4455 
1017 4964 
1018 4763 
1019 4763 
1020 4844 
1021 4938 
1022 4949 
1023 4991 
1024 4733 
1025 4868 
1026 4948 
1027 4667 
1028 4942 
1029 4933 
1030 4667 4647 
1031 4967 
1032 4150 
1033 4317 4721 4852 
1034 4638 
1035 4893 
1036 4731 
1037 3946 
1038 3426 
1039 3869 
1040 3703 
1041 4969 
1042 4968 
1043 4608 4125 
1044 3946 
1045 4763 
1046 4948 
1047 4763 
1048 4888 
1049 4669 4125 
1050 4994 4647 
1051 4948 
1052 4913 
1053 4916 
1054 4808 
1055 4709 
1056 3869 
1057 4964 
1058 4997 
1059 4959 
1060 4707 
1061 4973 
1062 3981 3597 
1063 4608 4817 3981 
1064 888 4912 
1065 4817 4748 
1066 4883 
1067 4967 
1068 4376 
1069 4594 
1070 4686 4949 4987 
1071 4973 
1072 4763 
1073 4913 
1074 4981 
1075 4990 
1076 4763 
1077 3978 
1078 4822 
1079 4888 
1080 4614 
1081 3703 
1082 4802 
1083 3946 
1084 4618 
1085 4500 
1086 4594 
1087 4721 
1088 4524 
1089 3978 
1090 3946 
1091 4541 
1092 4422 
1093 4994 
1094 4594 
1095 4820 
1096 4975 4968 4707 
1097 4989 
1098 4906 
1099 4977 
1100 4958 
1101 4864 
1102 4993 
1103 4969 
1104 4967 
1105 4716 
1106 4967 
1107 4758 
1108 4977 
1109 4913 
1110 4376 
1111 4998 
1112 4341 
1113 4934 
1114 4958 
1115 4994 
1116 4886 
1117 4338 
1118 4916 
1119 4820 
1120 4942 
1121 4868 
1122 4981 
1123 4986 
1124 1861 387 
1125 4927 
1126 4972 
1127 4150 
1128 4867 
1129 4859 4997 
1130 4376 
1131 4500 
1132 4808 
1133 1133 
1134 4934 
1135 4955 
1136 4820 
1137 4899 
1138 4516 
1139 4594 
1140 4647 
1141 4903 
1142 4868 
1143 3512 4655 
1144 4414 
1145 4455 
1146 4964 
1147 4614 
1148 4707 
1149 4865 
1150 4846 
1151 4669 
1152 4935 
1153 4912 
1154 4959 
1155 4893 
1156 4002 
1157 4638 4865 4935 
1158 4972 
1159 4674 
1160 4920 
1161 4853 
1162 4828 
1163 4948 
1164 4971 
1165 4964 
1166 4456 
1167 3703 4964 4938 
1168 4987 
1169 4516 
1170 4899 
1171 4924 
1172 4822 
1173 3981 
1174 4711 4608 4858 
1175 4594 
1176 4933 4934 
1177 4794 
1178 4902 
1179 4917 
1180 4896 
1181 4259 
1182 4979 
1183 4975 
1184 4994 
1185 3109 
1186 4981 
1187 4948 
1188 4853 3758 
1189 4868 
1190 4949 
1191 4503 
1192 4524 
1193 4998 
1194 4972 
1195 4450 
1196 4998 
1197 4920 
1198 4283 3984 
1199 4988 
1200 4973 
1201 4741 
1202 4986 
1203 3984 
1204 3512 
1205 4942 
1206 4969 
1207 4865 
1208 4949 
1209 4875 
1210 4455 
1211 4886 
1212 4969 
1213 4943 
1214 4817 
1215 4376 
1216 4547 
1217 4981 
1218 4655 
1219 4979 
1220 4987 
1221 4899 4987 
1222 4975 4881 4993 
1223 4915 
1224 4972 
1225 4802 
1226 4721 
1227 4746 
1228 4667 
1229 4867 
1230 4920 
1231 4802 
1232 3984 
1233 3109 
1234 4959 
1235 3981 
1236 4994 
1237 4949 
1238 4983 
1239 4899 
1240 4176 
1241 3984 
1242 4160 4958 4973 
1243 4949 
1244 4967 
1245 4635 
1246 4997 
1247 4541 
1248 4988 
1249 4741 
1250 4893 
1251 4784 
1252 4991 
1253 4547 4681 
1254 4852 
1255 4150 
1256 4891 
1257 4917 4912 4953 
1258 4376 
1259 4983 
1260 4784 
1261 4920 
1262 4674 
1263 4975 
1264 4924 
1265 3981 
1266 4964 4594 
1267 4948 4614 4729 
1268 4942 
1269 4951 888 4881 
1270 3946 
1271 4892 
1272 4942 
1273 4913 4915 
1274 4886 
1275 4927 
1276 4912 
1277 4915 
1278 4917 
1279 4828 
1280 4899 
1281 4913 
1282 4988 
1283 4973 
1284 4915 
1285 4886 
1286 4859 
1287 4707 4893 
1288 4763 
1289 4886 
1290 3455 
1291 4647 4721 
1292 3946 4858 
1293 4740 
1294 4959 
1295 4892 
1296 4958 
1297 4817 
1298 4828 
1299 4746 
1300 4912 
1301 4883 
1302 4763 
1303 4338 
1304 4740 
1305 4283 
1306 3981 
1307 4317 
1308 4917 
1309 4867 
1310 4674 
1311 4959 
1312 4995 
1313 3946 
1314 4384 
1315 4935 
1316 4516 
1317 4844 
1318 4852 
1319 4971 
1320 4244 
1321 4951 
1322 4614 
1323 4949 
1324 3946 
1325 4822 
1326 4911 
1327 4933 
1328 4955 
1329 4283 
1330 4524 
1331 4773 
1332 4938 
1333 3984 4973 
1334 4847 
1335 4977 
1336 4925 
1337 2219 
1338 4893 
1339 4288 4822 
1340 4868 
1341 4979 
1342 4729 
1343 4924 
1344 4935 
1345 4819 
1346 4844 
1347 4964 
1348 4998 
1349 4763 
1350 444 4964 4716 
1351 4716 
1352 4973 
1353 4740 
1354 4709 
1355 4733 
1356 4500 4934 4524 4686 
1357 4888 
1358 4859 
1359 4859 
1360 4729 
1361 4763 4964 
1362 4674 
1363 4981 4991 4681 
1364 4516 4709 4773 
1365 4594 
1366 4716 
1367 4892 
1368 4002 
1369 4920 4973 4764 
1370 4667 
1371 4407 
1372 4991 4150 4864 
1373 4917 
1374 4993 
1375 4867 
1376 4608 
1377 4866 
1378 4994 4516 4926 
1379 4913 
1380 4746 
1381 4859 
1382 3946 
1383 4892 
1384 4614 
1385 4973 
1386 4822 
1387 4981 
1388 4938 
1389 4964 
1390 3869 
1391 4934 
1392 4541 
1393 4865 
1394 4875 
1395 4495 
1396 4516 
1397 4686 
1398 4892 
1399 4975 
1400 4883 
1401 4975 4983 
1402 4969 
1403 4808 
1404 3712 
1405 4618 4635 4987 
1406 4822 
1407 4259 
1408 4524 4959 
1409 4817 
1410 4977 
1411 4883 
1412 4847 
1413 4911 
1414 4959 
1415 4516 
1416 4977 
1417 4871 
1418 4125 
1419 4972 
1420 4707 
1421 4948 
1422 4547 
1423 4993 
1424 4994 4629 3946 
1425 4288 
1426 4985 
1427 4951 
1428 4892 
1429 3109 
1430 4924 
1431 4341 
1432 4341 
1433 4972 4987 4635 
1434 4594 
1435 4819 
1436 4711 
1437 4973 
1438 4802 4943 4973 
1439 4748 
1440 4983 
1441 4913 
1442 4871 
1443 4981 
1444 4876 3946 
1445 4958 
1446 4847 
1447 4904 
1448 4964 4772 4852 
1449 4951 
1450 4948 
1451 4629 
1452 4817 
1453 4935 
1454 3597 
1455 4773 
1456 4998 
1457 4516 
1458 4942 
1459 4947 
1460 4709 
1461 4852 
1462 4953 
1463 4916 
1464 3981 
1465 4283 
1466 4913 
1467 4405 
1468 4425 
1469 4524 
1470 4808 
1471 4283 
1472 4949 
1473 4906 
1474 4899 4867 
1475 4868 
1476 4868 
1477 4707 
1478 4740 
1479 4935 
1480 3451 
1481 3978 
1482 4758 
1483 4998 
1484 4926 
1485 4967 
1486 4964 4893 
1487 4867 
1488 4425 
1489 4763 
1490 4977 
1491 4948 
1492 4620 
1493 4951 
1494 4913 4629 4385 
1495 3984 
1496 3451 
1497 4813 
1498 4681 
1499 4906 
1500 4385 
1501 4871 
1502 3441 
1503 4716 
1504 4524 
1505 4981 
1506 4758 
1507 4913 
1508 4764 
1509 4948 
1510 4858 
1511 4995 
1512 4896 
1513 3981 4935 4975 
1514 4942 
1515 4886 4943 
1516 3731 
1517 4288 
1518 4906 
1519 4055 
1520 4376 
1521 4667 4844 
1522 4729 
1523 4385 4888 
1524 4955 
1525 3455 
1526 4942 
1527 4893 
1528 3999 
1529 4981 
1530 4927 
1531 4913 
1532 4385 
1533 4655 
1534 4972 
1535 4916 
1536 4924 
1537 4844 
1538 4896 
1539 4667 3946 4893 
1540 4888 
1541 4516 
1542 4620 
1543 4620 
1544 4618 
1545 4868 
1546 4967 
1547 4817 
1548 4911 
1549 4629 
1550 4964 
1551 4819 
1552 4892 
1553 4620 
1554 4981 
1555 4989 
1556 3946 
1557 4711 
1558 4981 
1559 4964 4503 
1560 4150 
1561 4895 
1562 4920 
1563 4915 
1564 4998 
1565 4998 
1566 4941 
1567 4868 
1568 4998 
1569 4967 
1570 4886 4998 4972 
1571 4594 
1572 4912 
1573 4604 
1574 4844 
1575 4385 
1576 4503 
1577 4746 
1578 4828 
1579 4351 
1580 4407 
1581 4868 
1582 4871 
1583 4376 
1584 4975 
1585 4942 
1586 4885 
1587 4924 
1588 4707 
1589 4975 4947 3597 
1590 4883 
1591 3999 
1592 4896 
1593 4991 
1594 4846 
1595 4867 
1596 4935 
1597 4351 
1598 4516 
1599 4989 
1600 4959 
1601 4941 4500 
1602 4927 
1603 4991 
1604 4993 
1605 4995 
1606 4934 
1607 4920 4772 4902 
1608 4844 
1609 4895 
1610 4913 
1611 3978 4166 4125 
1612 4794 
1613 3703 
1614 4176 
1615 4951 
1616 4942 
1617 4784 
1618 4934 4166 
1619 4450 
1620 3712 
1621 4524 
1622 4773 
1623 4904 
1624 4942 
1625 4822 
1626 2219 4998 
1627 4614 
1628 4384 
1629 4916 
1630 4971 
1631 3946 
1632 4917 
1633 4896 
1634 4859 
1635 4500 
1636 4938 
1637 4991 
1638 4341 
1639 3712 
1640 4987 
1641 4638 
1642 4125 
1643 4886 
1644 4975 4938 4858 
1645 4547 
1646 4924 
1647 4516 
1648 4847 
1649 4150 
1650 4942 
1651 4985 
1652 4938 
1653 1861 3794 
1654 4935 
1655 4288 4828 4888 
1656 4858 
1657 4886 
1658 4991 
1659 4716 
1660 4912 
1661 4916 
1662 4893 
1663 4594 
1664 4876 
1665 4865 
1666 4638 
1667 4385 
1668 4935 
1669 4948 
1670 4895 
1671 4951 
1672 4422 
1673 4911 
1674 4994 
1675 4896 
1676 4868 
1677 4729 
1678 4935 3703 4864 
1679 4964 
1680 4995 
1681 4948 
1682 4913 
1683 4547 
1684 4926 
1685 4920 
1686 4844 
1687 4376 
1688 4500 
1689 4125 
1690 3712 
1691 4407 
1692 4868 4886 4817 
1693 4844 
1694 4959 
1695 4748 
1696 4904 
1697 4924 
1698 4893 
1699 4338 
1700 4741 
1701 4150 
1702 4864 4819 
1703 4817 
1704 4847 
1705 3794 4867 
1706 4503 
1707 4973 
1708 4524 
1709 4892 
1710 4948 
1711 4916 
1712 4971 
1713 4994 
1714 4385 
1715 4997 
1716 4283 
1717 4949 
1718 4500 
1719 4763 
1720 4975 
1721 4772 
1722 4160 
1723 4283 
1724 4772 
1725 3597 
1726 4975 4948 
1727 4998 4987 
1728 4858 
1729 4955 
1730 4975 
1731 4911 
1732 4758 
1733 4524 
1734 4913 
1735 4667 
1736 4847 
1737 4629 4746 4917 
1738 4166 4985 4935 4953 
1739 4376 
1740 4985 
1741 4975 
1742 4794 
1743 4455 
1744 4915 
1745 4709 
1746 4883 
1747 4903 
1748 4773 
1749 4385 
1750 4657 
1751 4933 
1752 4598 
1753 4150 
1754 4166 
1755 4244 
1756 4864 
1757 4847 
1758 4794 
1759 4667 
1760 4969 
1761 4986 
1762 4283 
1763 4763 4764 
1764 4176 
1765 4942 
1766 4632 
1767 4667 
1768 4351 
1769 4985 
1770 4949 
1771 4885 
1772 4948 4503 
1773 4716 
1774 4972 
1775 4953 
1776 4912 
1777 4883 
1778 4846 
1779 4865 
1780 4985 
1781 4924 
1782 4883 
1783 4385 
1784 4669 
1785 4868 4422 4707 
1786 4524 
1787 4989 
1788 4881 
1789 4967 
1790 4620 4948 
1791 4620 
1792 4707 
1793 4953 
1794 4987 
1795 4618 
1796 4166 
1797 3981 
1798 4977 
1799 4632 
1800 4899 3946 
1801 4975 
1802 4351 
1803 4773 
1804 4888 
1805 4846 
1806 4888 
1807 4904 
1808 3946 
1809 4886 4864 4973 
1810 4885 
1811 4972 
1812 4844 
1813 4868 
1814 3946 
1815 4943 
1816 4852 
1817 4985 4886 
1818 4942 4896 4881 
1819 4707 4942 
1820 4991 
1821 4983 
1822 4938 
1823 4886 
1824 4667 4892 4450 
1825 4987 
1826 4948 
1827 4864 
1828 4808 
1829 4709 
1830 4500 
1831 4968 
1832 4938 
1833 4934 
1834 4989 
1835 4871 
1836 4852 
1837 4943 
1838 4844 
1839 4985 
1840 4964 
1841 4975 
1842 4614 
1843 4964 
1844 4977 
1845 4455 
1846 4934 4681 
1847 4784 
1848 4968 
1849 4853 4450 
1850 4847 4125 4681 
1851 4979 
1852 4934 
1853 4886 
1854 3451 3455 
1855 4948 
1856 4604 
1857 4968 
1858 4959 
1859 3946 
1860 4948 
1861 1861 
1862 4711 
1863 4989 
1864 4892 
1865 4376 
1866 4376 
1867 4707 
1868 4998 
1869 4055 
1870 4864 
1871 4886 
1872 4967 
1873 4983 
1874 4968 
1875 4817 
1876 4876 
1877 4934 
1878 4686 
1879 4968 
1880 4964 
1881 4166 4979 4935 
1882 4927 
1883 4951 4822 
1884 4949 
1885 3712 
1886 4943 
1887 4902 
1888 4667 
1889 4589 
1890 4495 
1891 4979 
1892 4808 
1893 4176 
1894 3731 4748 4881 
1895 4968 4707 4967 
1896 4503 
1897 4917 
1898 4002 
1899 4763 
1900 4958 
1901 4994 
1902 3512 
1903 3981 
1904 4983 
1905 4608 
1906 4871 
1907 4886 4425 
1908 4953 
1909 4794 
1910 4871 4709 
1911 4055 
1912 4667 4500 4716 
1913 4707 
1914 4942 
1915 4731 
1916 4917 
1917 4892 
1918 4989 
1919 4885 
1920 3984 
1921 4425 
1922 4608 
1923 4942 
1924 4655 
1925 4886 
1926 3869 4594 4885 
1927 4244 4899 4987 
1928 3441 
1929 4686 4902 
1930 4763 
1931 4773 
1932 3981 4868 
1933 4888 
1934 4893 
1935 4731 
1936 4947 
1937 4686 4985 
1938 4516 
1939 4903 
1940 4802 
1941 4376 
1942 4629 4425 4820 
1943 4817 
1944 4988 
1945 4968 
1946 4867 
1947 4867 
1948 4376 
1949 4632 
1950 4707 
1951 4763 
1952 4731 
1953 4986 
1954 4925 
1955 4707 3731 
1956 4977 
1957 4667 
1958 4784 
1959 4686 
1960 4979 
1961 4669 
1962 4125 
1963 4903 
1964 4729 
1965 4893 
1966 4422 
1967 4935 
1968 4503 
1969 3978 
1970 4802 
1971 4955 
1972 4968 
1973 4667 
1974 4647 
1975 4972 
1976 4949 
1977 4871 4987 4888 
1978 4916 
1979 4376 
1980 4407 
1981 3984 
1982 4844 
1983 4820 
1984 4385 
1985 4913 
1986 4655 
1987 4871 
1988 3869 
1989 4995 
1990 4886 
1991 4969 
1992 4979 
1993 4997 
1994 4969 
1995 4977 
1996 4913 
1997 4731 
1998 4667 
1999 4949 
2000 4820 
2001 4977 
2002 4867 
2003 4916 
2004 4868 
2005 4385 
2006 4892 
2007 4516 
2008 4875 
2009 4985 
2010 4867 
2011 4971 
2012 4935 
2013 4716 
2014 4895 
2015 4422 
2016 3597 
2017 4871 
2018 4524 
2019 4972 4948 4813 4852 
2020 4959 
2021 4916 4740 
2022 3731 
2023 4758 
2024 4455 
2025 4866 
2026 4993 
2027 4259 
2028 4773 
2029 3597 
2030 4655 
2031 4911 
2032 4283 
2033 3946 
2034 4915 
2035 4983 
2036 4973 
2037 4733 
2038 4969 
2039 4953 
2040 4721 
2041 4896 
2042 4763 
2043 4935 4958 3946 4667 
2044 4711 
2045 4341 
2046 4964 
2047 4933 
2048 4871 4953 4888 4997 
2049 4455 
2050 4903 
2051 4934 
2052 4991 
2053 4763 4953 
2054 4802 
2055 4125 
2056 4740 
2057 4817 
2058 4846 
2059 4986 
2060 4883 
2061 4987 
2062 4926 
2063 4998 
2064 4773 
2065 4959 
2066 4967 
2067 4912 
2068 4998 
2069 4808 
2070 4964 
2071 4917 
2072 4876 
2073 3109 4638 4852 4969 
2074 4667 
2075 4967 
2076 4975 
2077 4516 
2078 4951 4892 4638 
2079 3109 
2080 4983 
2081 4948 
2082 4647 4995 
2083 3149 4913 
2084 4883 
2085 4055 
2086 4740 
2087 4958 4614 4990 4822 
2088 4858 
2089 4912 
2090 4288 
2091 4896 
2092 4903 
2093 4541 
2094 3758 
2095 4975 
2096 4865 
2097 4516 4657 4813 
2098 4947 4763 
2099 4288 4973 4802 
2100 4934 
2101 4384 
2102 4802 
2103 4376 
2104 4883 
2105 4959 
2106 4589 
2107 4947 
2108 4614 
2109 4997 
2110 4716 
2111 3984 4912 
2112 4655 
2113 4984 
2114 4707 
2115 4881 
2116 4503 
2117 4977 
2118 4953 
2119 4716 
2120 4893 
2121 4959 
2122 4876 
2123 4903 
2124 4875 
2125 4902 
2126 4875 
2127 4925 
2128 4867 3451 3455 
2129 4620 
2130 4985 
2131 4958 
2132 4681 
2133 4913 
2134 4338 
2135 4951 
2136 4995 
2137 4987 
2138 4667 
2139 4981 
2140 4977 
2141 4773 
2142 4964 
2143 4938 
2144 4947 
2145 4951 
2146 4288 
2147 4896 
2148 4594 3869 4977 4948 
2149 4987 
2150 4422 
2151 4886 
2152 4729 
2153 4911 4385 
2154 4773 
2155 4405 3441 
2156 4125 
2157 4503 4667 4647 4881 
2158 4958 
2159 4969 
2160 4794 
2161 4852 
2162 4973 
2163 4125 
2164 4904 
2165 4994 
2166 4376 
2167 4871 
2168 4503 
2169 4594 
2170 4711 
2171 4955 
2172 3946 
2173 4916 
2174 4516 
2175 3984 
2176 4958 
2177 4981 
2178 4925 
2179 4972 
2180 4971 
2181 4987 
2182 4991 
2183 4916 
2184 4729 
2185 4820 
2186 4516 
2187 4655 
2188 4876 
2189 4994 
2190 4987 
2191 4407 
2192 4516 
2193 4594 
2194 4667 
2195 4912 
2196 3731 4969 4911 
2197 4608 
2198 4707 
2199 4967 
2200 4948 
2201 4407 
2202 4916 
2203 4977 
2204 4758 
2205 4002 
2206 4926 
2207 4985 
2208 4935 4407 
2209 4988 
2210 4917 
2211 4866 
2212 4892 
2213 4955 
2214 3109 
2215 4055 
2216 4883 
2217 4972 
2218 4971 
2219 2219 4868 
2220 4990 
2221 4912 
2222 4629 
2223 4906 
2224 4846 
2225 4886 
2226 4867 
2227 4859 
2228 4899 4888 4994 
2229 4886 
2230 4983 
2231 4414 
2232 3426 
2233 3981 
2234 4405 
2235 4244 
2236 4259 
2237 4991 
2238 4351 
2239 4875 
2240 4975 
2241 4906 
2242 4288 
2243 4964 
2244 4773 
2245 4979 
2246 4948 
2247 4711 
2248 4259 4813 4721 
2249 4868 
2250 4915 
2251 4983 4958 4763 4667 
2252 4632 
2253 2670 4991 
2254 4667 
2255 4618 
2256 4906 
2257 4503 
2258 4729 
2259 4503 
2260 4985 
2261 4746 
2262 4817 
2263 4985 
2264 4746 
2265 4741 
2266 4524 
2267 4958 
2268 4176 
2269 4808 
2270 4971 
2271 4620 
2272 3946 
2273 3731 
2274 4667 
2275 4973 4629 4709 
2276 4166 
2277 387 1861 
2278 4924 
2279 4943 
2280 4338 
2281 4150 
2282 4924 
2283 3978 4942 
2284 4620 
2285 4986 
2286 4935 
2287 4924 
2288 4259 4926 4979 
2289 4985 4933 4288 
2290 4813 
2291 4618 
2292 4892 
2293 4002 
2294 4969 
2295 4938 
2296 4979 
2297 4988 
2298 4244 4455 
2299 4707 
2300 4998 
2301 1861 
2302 4947 
2303 4376 
2304 4667 
2305 4924 
2306 4948 
2307 4844 
2308 4594 
2309 4942 
2310 4709 4773 4964 
2311 4971 
2312 4858 
2313 4969 
2314 4911 
2315 4773 
2316 4847 
2317 4763 
2318 4456 
2319 4994 
2320 4647 
2321 4244 
2322 4632 
2323 4524 
2324 4975 
2325 4524 
2326 3731 
2327 4935 
2328 4859 
2329 4864 
2330 4244 4635 
2331 4973 4822 
2332 4938 
2333 4991 
2334 4949 
2335 4895 
2336 4926 
2337 4904 
2338 4763 
2339 4975 4618 4547 4647 
2340 4994 4927 
2341 4896 
2342 4456 
2343 4906 
2344 4524 
2345 4667 
2346 4933 
2347 4820 
2348 4906 
2349 4376 
2350 4883 
2351 4886 
2352 4865 
2353 4828 
2354 4988 
2355 4913 
2356 4983 
2357 4949 
2358 4740 
2359 4958 
2360 4858 
2361 4979 
2362 4964 
2363 4934 
2364 4989 
2365 4895 
2366 4934 
2367 4994 
2368 4802 4716 4763 
2369 4958 
2370 4385 
2371 4958 
2372 4817 
2373 4425 
2374 4986 
2375 4259 
2376 4707 
2377 4620 
2378 4385 
2379 4958 
2380 4886 4864 
2381 4964 4947 
2382 4455 
2383 3703 
2384 4813 
2385 4917 
2386 4927 
2387 4924 
2388 4794 
2389 4903 
2390 4997 
2391 4746 
2392 4975 
2393 4917 
2394 4686 4773 4994 4934 
2395 4947 
2396 4686 4764 4813 4891 4975 
2397 4998 
2398 4902 
2399 4975 
2400 4618 4655 4991 
2401 4822 
2402 4892 
2403 4899 
2404 4002 
2405 4986 
2406 4967 
2407 4721 
2408 4407 4763 4971 
2409 4912 
2410 4915 
2411 4763 
2412 4888 
2413 4731 
2414 3597 4667 
2415 4994 
2416 3451 
2417 4942 
2418 4977 
2419 4995 4813 4881 4943 
2420 4977 4598 4875 4953 
2421 4995 
2422 4903 
2423 4967 4425 4819 
2424 4819 
2425 4847 
2426 4915 
2427 4948 
2428 4942 
2429 4822 
2430 4808 
2431 4125 
2432 4943 
2433 4524 
2434 4707 
2435 4951 
2436 4817 
2437 4942 
2438 4888 
2439 4802 
2440 4707 
2441 4822 
2442 4844 
2443 4773 
2444 4763 
2445 4707 
2446 4655 
2447 4828 
2448 4988 
2449 4935 
2450 4917 
2451 4620 
2452 4763 
2453 4983 
2454 4741 
2455 4773 
2456 4604 
2457 4881 
2458 4896 
2459 4985 4638 
2460 4938 
2461 4709 
2462 4967 
2463 4967 
2464 4125 
2465 4967 
2466 4598 
2467 4740 
2468 4868 
2469 4987 
2470 4620 
2471 4867 
2472 4422 
2473 4150 
2474 4516 
2475 4731 
2476 4655 
2477 4925 
2478 4802 
2479 4819 
2480 4987 
2481 3109 
2482 4859 
2483 4959 
2484 4376 
2485 4244 
2486 4859 
2487 4958 
2488 4994 
2489 4822 
2490 4847 
2491 4975 
2492 4166 
2493 4455 
2494 4994 
2495 4920 
2496 4763 
2497 4716 
2498 4657 
2499 4985 4655 4943 4896 
2500 4547 
2501 4385 3597 
2502 4614 
2503 4896 
2504 4414 
2505 4913 
2506 4740 
2507 4376 
2508 4376 
2509 4686 
2510 4450 
2511 4763 
2512 4881 
2513 3946 
2514 4244 
2515 4881 
2516 4990 
2517 4524 
2518 4160 
2519 4731 
2520 4912 
2521 4503 4125 4886 
2522 4647 
2523 4913 
2524 4997 
2525 4176 
2526 4917 
2527 4259 
2528 4924 
2529 4983 
2530 4993 
2531 4376 
2532 4871 
2533 4971 
2534 4541 
2535 4953 
2536 4740 
2537 4817 
2538 4784 
2539 4405 3441 
2540 4731 
2541 4927 
2542 4875 
2543 4959 
2544 4971 
2545 4964 4731 4868 
2546 4865 
2547 4657 
2548 4674 
2549 4865 
2550 4853 
2551 4959 
2552 4635 
2553 4820 
2554 4892 
2555 3999 
2556 4868 
2557 4947 4422 4975 4456 
2558 4949 
2559 4748 
2560 4686 
2561 4934 
2562 4926 
2563 4924 
2564 4784 
2565 4541 
2566 4968 
2567 4969 
2568 4899 
2569 4985 
2570 4949 
2571 4376 
2572 4858 
2573 4729 
2574 4853 
2575 4997 
2576 4989 
2577 4681 
2578 4524 
2579 4995 
2580 4891 
2581 4871 
2582 4947 
2583 4948 
2584 4989 
2585 4891 
2586 4817 
2587 3703 
2588 4864 
2589 3758 
2590 4943 
2591 4886 
2592 4524 
2593 4904 
2594 4632 
2595 4977 4994 4594 
2596 4547 
2597 4979 
2598 4913 
2599 4341 
2600 4924 4903 4594 4500 4971 
2601 4953 
2602 4995 
2603 4891 4763 
2604 4604 
2605 4964 
2606 4866 
2607 4859 
2608 4376 
2609 4859 
2610 4911 
2611 4977 
2612 4503 
2613 4927 
2614 4983 
2615 4977 
2616 4516 
2617 4924 
2618 4986 
2619 4959 
2620 4983 
2621 4317 
2622 4948 
2623 4892 3984 
2624 4967 
2625 4979 
2626 4948 4772 
2627 4997 
2628 4948 
2629 4376 
2630 4903 
2631 4450 
2632 4635 
2633 4955 
2634 4875 
2635 3451 4958 4995 
2636 4896 
2637 4629 
2638 4733 
2639 4958 
2640 4244 4503 4973 4002 
2641 4989 
2642 4888 
2643 4495 
2644 4866 
2645 4614 
2646 4886 
2647 4967 
2648 4989 
2649 4955 
2650 4967 
2651 4881 
2652 4844 
2653 4990 
2654 4817 
2655 3455 
2656 4847 
2657 4886 
2658 4773 
2659 4904 
2660 4979 
2661 4450 
2662 4998 
2663 4541 
2664 4916 
2665 4686 
2666 4802 4629 4948 4516 
2667 4977 
2668 4283 
2669 4244 
2670 2670 4376 4422 
2671 4949 
2672 3703 4864 
2673 4975 
2674 4867 
2675 4846 4822 4987 4994 
2676 4259 
2677 4892 4707 4773 
2678 4913 
2679 4891 
2680 3597 
2681 4912 
2682 4867 
2683 4994 
2684 4317 
2685 4994 
2686 4002 
2687 4868 
2688 4958 
2689 4647 
2690 4763 
2691 3981 
2692 4647 
2693 4868 
2694 4916 
2695 4916 
2696 4817 
2697 4125 
2698 4925 
2699 4892 
2700 4949 
2701 4987 
2702 4341 
2703 4979 
2704 4933 
2705 4938 
2706 4657 4920 4941 
2707 4647 
2708 4995 
2709 4495 
2710 4886 
2711 4903 
2712 4716 
2713 4455 
2714 4968 
2715 4895 
2716 4938 
2717 4916 
2718 4794 
2719 4758 
2720 4716 4941 4924 4995 
2721 4990 
2722 4741 
2723 4547 
2724 4886 
2725 4935 
2726 4955 
2727 4876 
2728 4892 
2729 3946 4953 4716 
2730 4763 
2731 4985 
2732 4920 
2733 4988 
2734 4924 3981 
2735 4973 
2736 4969 
2737 4846 
2738 4915 
2739 4893 
2740 4942 
2741 4802 
2742 4455 
2743 4981 
2744 4998 
2745 4969 
2746 4817 
2747 4998 
2748 4885 
2749 4707 
2750 4911 
2751 4516 
2752 4968 
2753 4985 
2754 4822 
2755 4998 
2756 4948 
2757 4516 
2758 4975 4820 4707 4991 
2759 4638 
2760 4964 
2761 4911 
2762 4716 
2763 4997 
2764 4868 
2765 4450 
2766 4989 
2767 3455 
2768 4967 
2769 4912 
2770 4973 
2771 4847 
2772 4892 
2773 4938 
2774 4967 3597 3946 
2775 4629 
2776 4655 
2777 4632 
2778 4495 
2779 4988 
2780 4902 
2781 4748 
2782 4959 
2783 4876 
2784 4958 
2785 4317 
2786 4998 
2787 4376 
2788 4608 
2789 4844 
2790 4847 
2791 4859 
2792 4977 
2793 4951 
2794 4933 
2795 4915 
2796 4865 
2797 4259 
2798 4904 4973 
2799 4979 
2800 4865 
2801 4893 
2802 4994 
2803 4975 
2804 4892 
2805 4844 
2806 4351 
2807 4667 
2808 4942 
2809 4924 
2810 4594 
2811 4746 
2812 4317 
2813 4979 
2814 4968 
2815 4733 
2816 4979 
2817 4942 
2818 4635 
2819 4975 
2820 3946 
2821 4935 
2822 4547 
2823 4927 
2824 4964 
2825 4772 
2826 4949 
2827 4990 
2828 4867 
2829 4977 
2830 4948 
2831 4964 
2832 4635 
2833 4859 
2834 4972 
2835 4871 
2836 4964 
2837 4351 
2838 4924 
2839 4983 
2840 4993 
2841 4913 
2842 4669 
2843 4969 
2844 4924 
2845 4681 2219 4707 
2846 4938 
2847 4455 
2848 4971 
2849 4991 
2850 4925 
2851 4244 
2852 4808 
2853 4896 
2854 4351 
2855 3978 
2856 4989 
2857 4896 
2858 4903 
2859 4629 
2860 4635 
2861 4987 
2862 4150 
2863 4817 4975 4598 
2864 4915 
2865 4758 
2866 4973 4958 4959 
2867 4740 
2868 4772 
2869 4973 
2870 4808 
2871 4259 
2872 4707 
2873 4912 
2874 4875 
2875 4883 
2876 4941 
2877 4875 
2878 4802 
2879 4990 
2880 4794 
2881 4969 
2882 4733 
2883 4906 
2884 4955 
2885 4589 
2886 4455 
2887 4987 
2888 3731 
2889 3999 
2890 4500 
2891 4620 
2892 4988 
2893 4994 4925 4906 3946 4964 
2894 4681 
2895 4707 
2896 4808 
2897 4844 
2898 4979 
2899 4341 
2900 4589 
2901 4865 
2902 4802 
2903 4817 4971 3703 4895 4638 
2904 4740 
2905 4516 
2906 4955 
2907 4632 
2908 4773 
2909 4853 
2910 4943 
2911 4953 
2912 4948 
2913 4995 
2914 4244 
2915 4967 
2916 4892 
2917 4338 
2918 4899 
2919 4942 4495 
2920 4773 3731 4916 4987 
2921 4456 
2922 4986 
2923 4977 
2924 4868 
2925 4951 
2926 4924 
2927 4150 
2928 4979 
2929 4283 
2930 4794 
2931 4547 
2932 4975 
2933 4951 
2934 4707 
2935 4941 
2936 4376 
2937 4959 3946 4935 3978 
2938 4888 
2939 4288 
2940 4958 
2941 4635 
2942 4707 
2943 4820 
2944 4055 
2945 4858 
2946 4150 
2947 4244 
2948 4916 
2949 4707 
2950 4629 
2951 3758 4414 
2952 4125 4614 4524 3712 4709 
2953 4955 
2954 4166 
2955 4903 
2956 4385 
2957 4977 
2958 4989 4867 4176 4933 
2959 4864 
2960 4055 
2961 4942 
2962 4886 
2963 4883 
2964 4891 
2965 1861 4958 4892 4953 
2966 4844 
2967 4669 
2968 4994 
2969 4338 
2970 4989 
2971 4741 
2972 4729 
2973 4881 
2974 4886 
2975 4376 
2976 4896 
2977 4721 
2978 4987 
2979 4655 
2980 4608 
2981 4844 
2982 4896 
2983 4968 
2984 4896 
2985 4979 
2986 4916 
2987 4933 
2988 4844 
2989 4503 4968 4667 3981 
2990 4895 
2991 4763 4881 4741 4866 4955 
2992 4716 
2993 4846 
2994 4150 
2995 4822 
2996 4707 
2997 4975 
2998 3441 4958 4987 
2999 4150 
3000 4925 
3001 4731 
3002 4384 3149 3946 4941 4977 
3003 4405 3441 
3004 4608 
3005 4876 
3006 4975 
3007 4998 
3008 4594 
3009 4541 
3010 4903 
3011 3758 
3012 4763 
3013 4711 
3014 4407 
3015 4959 
3016 4968 4959 4259 4899 
3017 4709 
3018 4947 
3019 4935 
3020 3978 
3021 4893 4947 4716 
3022 4942 
3023 4888 
3024 4973 
3025 4822 
3026 4972 
3027 4948 4987 4871 
3028 4949 
3029 4912 
3030 4822 
3031 4987 
3032 4667 
3033 4731 4994 4729 3946 
3034 3984 
3035 4943 4924 
3036 4964 
3037 4709 
3038 4853 
3039 4947 
3040 4911 
3041 3981 
3042 4935 
3043 4968 
3044 4967 
3045 4959 
3046 4456 
3047 4981 
3048 4455 4773 4955 
3049 4989 
3050 4407 
3051 4748 
3052 4994 
3053 4964 
3054 4920 
3055 4763 
3056 4934 
3057 4981 
3058 3712 
3059 4686 
3060 4948 4244 4731 4997 4935 
3061 4859 
3062 4516 
3063 4844 
3064 4865 
3065 4647 
3066 4924 
3067 4763 
3068 4667 
3069 4764 
3070 4964 4384 4859 4847 4917 
3071 4888 
3072 4822 
3073 4764 
3074 4763 
3075 4629 4635 4844 4125 
3076 4820 
3077 4906 
3078 4883 
3079 4985 
3080 4853 
3081 4955 
3082 4973 
3083 4981 4244 4681 4758 4984 
3084 4967 4376 4686 4721 
3085 4802 
3086 4764 
3087 4994 
3088 4967 
3089 4681 3149 4988 
3090 4385 
3091 4541 
3092 3703 
3093 4927 
3094 4904 
3095 4524 
3096 4741 
3097 4740 
3098 4524 4948 3981 4973 
3099 4828 
3100 4763 4808 
3101 4385 
3102 4176 
3103 4895 
3104 4733 
3105 4948 4902 4731 
3106 4892 
3107 4244 
3108 4055 
3109 3109 
3110 4973 
3111 4994 
3112 4716 
3113 4969 
3114 4942 
3115 4802 
3116 4817 
3117 4638 
3118 4983 
3119 4733 
3120 4758 
3121 4947 
3122 4608 
3123 4721 
3124 3978 4958 4866 
3125 4979 
3126 4669 
3127 4899 
3128 3703 
3129 4716 
3130 4125 
3131 4892 
3132 3981 
3133 4977 
3134 4903 
3135 4259 3794 4516 
3136 4758 
3137 4912 
3138 4871 
3139 4938 
3140 4244 
3141 4951 
3142 4969 
3143 4969 
3144 4997 
3145 4817 
3146 4895 
3147 4938 
3148 4924 4853 4864 4916 4987 
3149 4913 
3150 3984 4876 4875 4913 4938 
3151 4971 3984 4977 4259 4903 
3152 4859 4450 4888 4784 4912 4938 
3153 4405 4317 4385 4885 
3154 4925 
3155 3731 4913 4638 4993 
3156 4614 
3157 4422 
3158 4608 
3159 4876 
3160 4669 
3161 4935 
3162 4813 4864 4913 4935 
3163 4896 
3164 4915 
3165 4620 
3166 4895 
3167 4938 
3168 4911 
3169 4808 
3170 4503 
3171 4667 
3172 4994 
3173 4951 
3174 4594 
3175 4259 
3176 4846 
3177 3984 
3178 4618 
3179 4913 
3180 4817 
3181 3981 4947 4820 
3182 4917 
3183 4674 
3184 4618 
3185 4984 
3186 4938 
3187 4916 
3188 4972 
3189 4455 4729 4977 4604 
3190 4794 
3191 4867 
3192 4948 4926 4125 4969 4913 
3193 4942 
3194 4817 
3195 4951 
3196 4975 
3197 4385 
3198 4547 
3199 4998 
3200 4915 
3201 4990 
3202 4964 
3203 4886 4244 4763 4259 4524 
3204 4888 4967 4721 4916 
3205 3946 
3206 4822 
3207 4885 
3208 4819 
3209 4758 
3210 4915 
3211 4618 
3212 4994 4614 3984 4886 
3213 4969 
3214 4711 
3215 4947 
3216 3426 4503 4632 4516 4176 4964 
3217 4259 
3218 4911 
3219 4886 4986 
3220 4934 
3221 4594 
3222 4958 
3223 4920 
3224 4859 4716 4524 4953 
3225 4871 
3226 4244 4125 4967 4892 4906 
3227 4886 
3228 4967 
3229 4984 
3230 4414 3758 
3231 4867 
3232 4964 
3233 4614 
3234 4995 
3235 4244 
3236 4942 
3237 4947 
3238 4844 
3239 4904 
3240 4244 4991 4822 4967 4886 
3241 4913 
3242 4667 
3243 4667 4886 4773 4541 4991 
3244 4425 
3245 4802 4915 4763 4967 
3246 4150 
3247 4516 
3248 4953 
3249 4516 
3250 4638 4891 4938 
3251 4995 
3252 4948 
3253 4924 
3254 4902 
3255 4773 
3256 4958 
3257 4707 
3258 4991 
3259 4899 
3260 4820 
3261 4953 
3262 4125 
3263 4969 
3264 4763 
3265 4822 
3266 4541 
3267 4868 
3268 4746 
3269 4802 
3270 4881 
3271 4915 
3272 4828 
3273 4941 
3274 4968 
3275 4055 
3276 4892 4166 4802 
3277 4385 
3278 4516 
3279 4987 4951 4764 
3280 4716 
3281 4414 3758 
3282 4925 
3283 4938 
3284 4899 
3285 4967 
3286 3109 3999 4924 
3287 4594 
3288 4808 
3289 4933 
3290 4917 
3291 4915 
3292 4990 
3293 4893 
3294 4969 
3295 4916 
3296 4865 
3297 4867 
3298 4938 
3299 4176 
3300 4822 
3301 4895 
3302 4917 
3303 4969 
3304 4729 
3305 4953 
3306 4997 
3307 4991 
3308 4629 4731 4608 4758 4852 4867 
3309 4859 
3310 4883 
3311 4915 4876 
3312 4125 4983 4969 4979 
3313 4176 4959 4822 4971 4888 
3314 4667 
3315 4938 
3316 4820 
3317 4934 
3318 4947 
3319 4972 
3320 4259 
3321 4866 
3322 4859 
3323 4244 
3324 4503 
3325 4865 
3326 4716 
3327 4716 
3328 4935 
3329 4984 
3330 3984 4896 4259 4964 
3331 4853 
3332 4853 
3333 4942 
3334 4604 
3335 3946 
3336 3946 
3337 4981 4338 
3338 4988 
3339 4773 
3340 4888 
3341 3731 4455 4948 4802 3869 
3342 4516 
3343 4912 
3344 4917 
3345 4125 
3346 4166 4886 4989 4891 4707 4594 
3347 4934 4259 4384 4822 4997 
3348 4844 
3349 4935 
3350 4973 
3351 4991 4948 4674 4864 
3352 4867 
3353 4953 
3354 4647 
3355 4949 
3356 4947 
3357 4711 
3358 4987 
3359 4935 
3360 4971 
3361 4915 
3362 4934 
3363 4883 
3364 4989 
3365 4904 
3366 4979 
3367 4667 
3368 4967 
3369 4933 4384 4916 
3370 4647 
3371 4865 
3372 4733 
3373 4896 
3374 4456 
3375 4456 
3376 4925 
3377 4808 
3378 4893 
3379 4949 
3380 4958 
3381 4822 4802 4283 4903 4758 
3382 4902 
3383 4846 
3384 4740 
3385 4422 
3386 4707 
3387 4977 
3388 4820 
3389 4709 
3390 4886 
3391 4259 
3392 4951 
3393 4951 
3394 4881 
3395 4892 
3396 4763 
3397 4981 
3398 4915 
3399 4979 
3400 4903 
3401 4979 
3402 4981 
3403 4947 3109 4859 4866 
3404 3978 
3405 4125 
3406 4822 
3407 4942 
3408 4618 
3409 4516 
3410 4971 
3411 3712 
3412 4716 
3413 4618 
3414 4886 
3415 4933 
3416 4948 
3417 4764 
3418 4988 
3419 4977 
3420 4716 
3421 4913 
3422 4707 
3423 4055 
3424 4893 
3425 4422 
3426 4867 4967 3426 4933 
3427 4997 
3428 4998 
3429 4987 
3430 4947 
3431 4983 
3432 4425 
3433 4802 
3434 4973 
3435 4729 
3436 4647 
3437 4385 
3438 4503 
3439 4729 4647 
3440 4317 
3441 3441 4405 
3442 4915 
3443 4763 
3444 4964 
3445 4763 4822 4456 4969 
3446 4317 
3447 4709 
3448 4594 
3449 4707 
3450 4988 
3451 3455 3451 
3452 4934 
3453 4259 
3454 4995 
3455 3455 
3456 4983 
3457 4516 4667 4971 
3458 4977 
3459 4376 
3460 3794 4994 4667 4925 4906 
3461 4867 
3462 4813 
3463 4947 
3464 4995 
3465 4667 
3466 4865 
3467 4951 
3468 4541 
3469 4942 
3470 4971 
3471 4971 
3472 4959 
3473 4948 
3474 4667 
3475 4865 
3476 4881 
3477 4893 
3478 4991 
3479 4973 
3480 4516 
3481 4973 
3482 4002 4414 4817 4376 4317 
3483 4604 
3484 4895 
3485 4414 3758 
3486 4853 
3487 4892 
3488 4967 
3489 4764 
3490 4604 
3491 4916 
3492 4455 4947 4385 4516 4995 
3493 4283 
3494 4947 
3495 4934 
3496 4495 
3497 4935 4868 4667 3946 4844 4686 
3498 3794 
3499 4991 
3500 4886 
3501 4967 
3502 4911 
3503 4802 
3504 4500 
3505 4958 
3506 4917 
3507 4822 
3508 4972 
3509 4927 
3510 4638 
3511 4993 
3512 4986 
3513 4763 
3514 4888 
3515 4707 
3516 4864 
3517 4964 
3518 4927 
3519 4973 
3520 4784 
3521 4938 
3522 4895 
3523 4933 
3524 4002 
3525 4948 
3526 4987 
3527 4973 
3528 4844 
3529 4866 
3530 4802 
3531 4450 
3532 4943 
3533 4822 
3534 4893 4594 4892 4991 4407 
3535 4953 
3536 4973 
3537 4988 
3538 4871 
3539 4959 
3540 4667 4709 4935 4933 
3541 4917 
3542 4716 
3543 4989 4973 4820 4942 
3544 4385 4892 4893 4376 
3545 4283 
3546 4455 
3547 4875 4709 3712 
3548 4150 
3549 4865 
3550 4906 
3551 4971 
3552 4516 
3553 3109 
3554 4986 
3555 4904 
3556 4808 
3557 4915 
3558 4655 
3559 4541 
3560 4414 
3561 4773 
3562 4859 
3563 4969 
3564 4802 
3565 4967 
3566 4975 
3567 4971 
3568 4773 
3569 4958 
3570 4385 
3571 4985 4938 4844 4707 
3572 4820 
3573 4969 
3574 4686 
3575 4883 
3576 4598 
3577 4990 
3578 4541 
3579 4899 
3580 3869 4748 4925 
3581 4913 4989 4904 4516 4772 
3582 4938 
3583 4455 
3584 4893 
3585 4817 
3586 4820 
3587 4964 
3588 4977 
3589 4820 
3590 3597 
3591 4913 
3592 4993 
3593 4733 
3594 3946 
3595 4924 
3596 4989 
3597 3597 
3598 4977 
3599 4681 
3600 3712 
3601 3999 3109 
3602 3946 
3603 3731 
3604 4904 
3605 4987 
3606 4503 4867 4541 4969 4924 4516 
3607 4942 
3608 4959 
3609 4989 
3610 4902 
3611 4859 
3612 4949 4971 4733 4991 4942 4866 
3613 3946 
3614 4964 
3615 4763 
3616 4903 
3617 4947 4541 4638 4959 4784 4871 4906 4938 
3618 4813 4681 4941 4915 4995 
3619 4892 
3620 4853 
3621 4964 
3622 4981 
3623 3981 
3624 4794 
3625 4166 
3626 4516 4376 4903 4847 4425 
3627 4949 
3628 4998 
3629 4524 
3630 4604 
3631 4941 
3632 4594 
3633 4866 
3634 4283 
3635 4971 
3636 4994 
3637 4817 
3638 4991 
3639 4941 
3640 4985 
3641 4973 
3642 4967 
3643 4853 
3644 4741 
3645 4947 
3646 4975 
3647 4998 
3648 4740 
3649 4817 
3650 4934 
3651 4500 
3652 4741 
3653 4614 
3654 4896 
3655 4817 
3656 4925 
3657 4820 
3658 4938 
3659 4820 
3660 4925 
3661 4973 
3662 4935 
3663 4748 
3664 4422 
3665 3946 
3666 4667 
3667 4886 
3668 4986 
3669 4707 4166 4244 4794 4938 4986 
3670 4385 
3671 4971 
3672 4983 4973 4886 4541 4547 4516 
3673 4794 
3674 4990 
3675 4972 
3676 4858 
3677 4967 
3678 4414 3758 
3679 4828 
3680 4959 
3681 4733 
3682 4958 
3683 4969 
3684 4935 4647 4817 3731 4968 4925 4885 
3685 4758 
3686 3451 3455 
3687 4784 
3688 4949 
3689 4964 
3690 4920 
3691 4594 
3692 4002 
3693 4938 
3694 4351 
3695 4990 
3696 3794 4987 4997 4981 4655 
3697 4989 
3698 4924 
3699 4283 
3700 3597 4916 4772 4943 4933 
3701 4516 
3702 4647 4376 4979 4912 4794 
3703 3703 
3704 4997 
3705 4886 
3706 4594 
3707 4984 
3708 4888 
3709 4763 
3710 4925 
3711 4817 4853 4822 4979 4906 
3712 3712 
3713 3946 
3714 4604 
3715 4150 
3716 4414 4913 4924 4802 4828 
3717 4893 
3718 4892 
3719 4707 
3720 4906 
3721 3981 
3722 4351 
3723 4895 
3724 4817 
3725 4947 
3726 4895 
3727 4915 
3728 4991 
3729 4740 
3730 4669 
3731 3731 
3732 4414 3758 
3733 4988 
3734 4244 
3735 4503 4794 4150 4969 4948 4958 
3736 4997 
3737 4589 
3738 4912 
3739 4876 
3740 4975 
3741 4983 
3742 4516 3946 4846 4969 
3743 4632 
3744 3441 
3745 4948 
3746 4604 
3747 4763 
3748 4959 
3749 4763 
3750 4125 3597 4953 4376 
3751 4885 
3752 4868 
3753 4947 
3754 4975 
3755 4763 
3756 4938 
3757 4802 
3758 3758 4414 
3759 4844 
3760 4926 
3761 4938 
3762 4871 
3763 4385 
3764 4968 
3765 4817 
3766 4969 
3767 4450 
3768 4844 
3769 4948 
3770 4867 
3771 4864 4784 4541 3794 4973 4594 4547 
3772 4893 
3773 4709 
3774 4647 
3775 4166 
3776 4317 
3777 4647 
3778 4150 4943 4871 4899 4828 
3779 4953 
3780 4989 
3781 4716 
3782 4967 
3783 4813 
3784 4989 
3785 4716 4686 4288 
3786 4967 
3787 4817 
3788 4495 
3789 4166 
3790 4892 
3791 4828 
3792 4820 
3793 4979 
3794 3794 1861 
3795 4883 
3796 4975 3703 4729 4822 
3797 4981 
3798 4740 
3799 4948 
3800 4338 
3801 4731 
3802 4425 4987 4614 4516 
3803 4915 
3804 3984 
3805 4716 
3806 4802 
3807 4716 
3808 4859 
3809 4906 
3810 3703 
3811 4868 
3812 4867 
3813 4972 
3814 4913 4985 4817 4594 4886 4895 
3815 4495 
3816 4667 
3817 4716 
3818 3597 4883 4731 
3819 4990 
3820 4990 
3821 4977 
3822 4903 4902 4995 4917 4986 
3823 4669 4667 4351 4813 4808 4895 
3824 4604 4317 4986 3712 4681 4968 
3825 4973 
3826 4949 
3827 4376 
3828 4959 
3829 4975 4949 4948 4911 4763 4802 4784 
3830 4817 
3831 4865 
3832 4989 
3833 4338 
3834 4972 
3835 4844 
3836 4989 
3837 4949 
3838 4941 
3839 4959 4674 4938 4594 4979 
3840 4541 
3841 4500 
3842 4376 
3843 3946 
3844 4899 
3845 4986 
3846 4967 
3847 4853 
3848 4618 
3849 4927 
3850 4989 
3851 4955 
3852 4995 
3853 4917 
3854 4886 
3855 4959 
3856 4716 
3857 4942 
3858 4892 
3859 4924 
3860 4959 
3861 4893 
3862 4994 
3863 4927 
3864 4987 4828 4844 
3865 4150 
3866 4259 
3867 4969 
3868 4964 
3869 3869 
3870 4983 
3871 4934 
3872 4876 
3873 4958 
3874 4716 
3875 4892 
3876 4629 
3877 4975 
3878 4942 
3879 4934 
3880 4604 
3881 4729 
3882 4942 
3883 4667 
3884 4055 
3885 4975 
3886 4913 4948 4975 
3887 4632 
3888 4913 
3889 4598 
3890 4959 
3891 4997 
3892 4925 
3893 4594 
3894 4951 
3895 4763 
3896 4927 
3897 4972 4647 3441 4991 
3898 4288 4764 4958 4917 
3899 4968 
3900 4883 
3901 4943 
3902 4125 
3903 4993 
3904 4686 4773 4904 4969 
3905 4176 
3906 4376 
3907 4904 
3908 4911 
3909 3731 
3910 4948 4802 4773 
3911 4376 
3912 4773 
3913 4991 
3914 4055 
3915 4948 
3916 4981 
3917 4865 
3918 4883 
3919 4852 
3920 4892 
3921 4977 
3922 4376 
3923 4629 
3924 4763 
3925 4888 
3926 4150 
3927 4883 
3928 4920 
3929 4985 
3930 4772 
3931 4657 
3932 4916 
3933 4866 
3934 4973 
3935 4707 
3936 4991 
3937 4657 
3938 4516 
3939 4895 
3940 4998 
3941 3109 4709 4865 
3942 4973 
3943 4911 
3944 4969 
3945 4896 
3946 3946 
3947 4773 
3948 4773 
3949 4903 
3950 4958 
3951 4733 
3952 4971 
3953 4817 4852 4881 4516 
3954 4925 
3955 4998 
3956 4709 
3957 4969 
3958 4635 
3959 4977 
3960 4802 
3961 4893 
3962 4865 4847 4998 4959 
3963 4876 
3964 4729 
3965 4977 
3966 4516 
3967 4620 4176 
3968 4822 
3969 4865 
3970 4886 
3971 4729 
3972 4888 
3973 4927 
3974 4958 
3975 4981 
3976 3946 
3977 3981 
3978 3978 
3979 4916 
3980 4924 
3981 3981 
3982 4773 
3983 4981 
3984 3984 
3985 4455 
3986 4868 
3987 4893 
3988 4871 
3989 4997 
3990 4740 
3991 4990 
3992 4941 
3993 4244 
3994 4707 
3995 4893 
3996 4895 
3997 4964 
3998 4376 
3999 3999 3109 
4000 4865 
4001 4867 
4002 4002 
4003 4912 
4004 4959 
4005 4886 
4006 4808 
4007 4885 
4008 4407 
4009 4998 
4010 4647 
4011 3946 
4012 4947 
4013 4740 
4014 4784 
4015 4859 
4016 4886 
4017 4995 
4018 4422 
4019 4989 
4020 4503 
4021 4686 4902 4711 
4022 4455 4055 4886 4125 
4023 4871 4986 4865 4902 
4024 4376 
4025 4244 
4026 4989 
4027 4926 
4028 4911 
4029 4317 
4030 4655 
4031 4981 
4032 4384 
4033 4903 
4034 4989 
4035 4620 
4036 4259 
4037 4893 
4038 4972 
4039 4913 
4040 4716 
4041 4176 
4042 3984 4844 4993 
4043 4500 
4044 4817 
4045 4667 
4046 4160 4915 
4047 4942 
4048 4888 3978 3109 4813 
4049 4516 
4050 4888 
4051 4748 
4052 4828 
4053 4686 
4054 4958 
4055 4055 
4056 4822 
4057 3946 
4058 4763 
4059 4971 
4060 4927 
4061 4991 
4062 4933 
4063 4951 
4064 4176 
4065 4892 
4066 4975 
4067 4995 
4068 4125 
4069 4917 
4070 4987 
4071 4969 
4072 4844 
4073 4794 
4074 4979 
4075 4629 
4076 4975 
4077 4721 
4078 4594 
4079 4971 
4080 4967 
4081 4859 
4082 4994 
4083 4997 
4084 4969 
4085 4892 
4086 3455 3451 
4087 4984 
4088 4990 
4089 4892 
4090 4674 
4091 4926 
4092 4968 
4093 4891 
4094 4916 
4095 3869 
4096 4912 
4097 4927 
4098 4871 
4099 4166 
4100 4994 
4101 4859 
4102 4892 
4103 4414 3758 
4104 4632 
4105 4934 
4106 4450 4731 4655 
4107 4973 
4108 4886 
4109 4867 4948 4994 
4110 4820 4405 4150 
4111 4888 
4112 4973 
4113 4495 
4114 4969 
4115 4667 
4116 4906 
4117 4964 
4118 4998 
4119 4985 4973 4866 
4120 3978 3597 4991 
4121 3946 
4122 4740 
4123 4707 4935 4917 
4124 4589 
4125 4125 
4126 4998 
4127 4881 
4128 4772 
4129 4964 
4130 4991 4763 4758 
4131 4998 
4132 4915 
4133 4385 
4134 4822 
4135 4740 
4136 4707 
4137 4244 
4138 4958 
4139 4903 4866 4986 
4140 4740 
4141 4784 
4142 4979 
4143 4959 
4144 4707 
4145 4959 
4146 4547 
4147 4125 
4148 4920 
4149 4994 
4150 4150 
4151 4385 
4152 4953 
4153 4964 
4154 4614 
4155 4819 
4156 4667 
4157 4985 
4158 3703 4589 4524 
4159 4925 
4160 4160 
4161 4598 
4162 3731 
4163 4938 
4164 4686 
4165 4943 
4166 4166 
4167 4995 
4168 4951 
4169 4942 
4170 4516 
4171 4763 
4172 4594 
4173 4283 
4174 4608 3946 4985 3597 
4175 4902 
4176 4176 
4177 4589 
4178 4971 
4179 4915 
4180 4635 
4181 4847 
4182 4763 
4183 4912 
4184 4964 
4185 4941 
4186 4943 
4187 4926 
4188 4892 
4189 4667 3984 4979 4817 
4190 4686 
4191 4867 
4192 4822 
4193 3984 
4194 4500 
4195 4926 
4196 4667 4716 4958 3981 
4197 4667 4547 4629 4967 
4198 4955 
4199 4450 
4200 4925 
4201 4853 
4202 4938 
4203 4916 
4204 4376 
4205 4376 
4206 3981 
4207 4948 
4208 4866 
4209 4934 
4210 3946 
4211 4911 
4212 4994 4817 4731 4953 
4213 4994 
4214 4667 
4215 4987 
4216 4964 
4217 4669 
4218 4456 
4219 4341 4709 4125 
4220 4883 
4221 4987 
4222 4985 
4223 4620 
4224 4608 3869 4674 4589 
4225 4886 
4226 4942 
4227 4822 
4228 4927 
4229 4748 
4230 4991 
4231 4721 
4232 4886 4987 4979 
4233 4948 
4234 4866 
4235 4913 
4236 3978 
4237 4384 
4238 4903 
4239 4895 
4240 4916 
4241 4969 
4242 4975 
4243 4906 
4244 4244 
4245 4987 
4246 4746 
4247 4973 
4248 4981 
4249 4888 
4250 4283 
4251 4733 
4252 4150 
4253 4912 
4254 4927 
4255 4729 
4256 4495 
4257 4983 
4258 4988 
4259 4259 
4260 4920 
4261 4938 
4262 4987 
4263 4618 
4264 4866 
4265 4729 
4266 4859 
4267 4947 
4268 4948 
4269 4524 4994 4915 4981 
4270 4865 
4271 4948 
4272 4868 
4273 4951 
4274 4341 
4275 4911 4608 4994 4920 4977 
4276 4844 
4277 4802 
4278 4955 
4279 4707 
4280 4384 
4281 4888 
4282 4916 
4283 4283 
4284 4711 
4285 4968 
4286 4822 
4287 4456 
4288 4288 
4289 4125 4764 4973 4817 
4290 4993 
4291 4948 
4292 4886 
4293 4949 
4294 4338 
4295 4376 4977 4934 4926 
4296 4971 
4297 4988 
4298 4635 4899 4993 
4299 4495 
4300 4990 
4301 4614 
4302 4984 
4303 4927 
4304 4904 
4305 4990 3731 4924 4846 4986 
4306 4385 
4307 4244 
4308 4885 
4309 4847 
4310 4858 
4311 4594 
4312 4667 
4313 4598 
4314 4667 
4315 4906 
4316 4620 
4317 4317 
4318 4859 4376 4763 4972 
4319 4794 4244 4864 4886 
4320 4883 
4321 4516 
4322 4620 
4323 4990 
4324 4667 
4325 4979 
4326 4935 
4327 4865 
4328 4731 
4329 4822 
4330 4916 
4331 4893 
4332 4904 
4333 4995 
4334 4828 
4335 4913 
4336 4686 4547 4903 4817 4709 
4337 4991 
4338 4338 
4339 4989 
4340 4244 4885 4886 4984 
4341 4341 
4342 4524 
4343 4876 
4344 4892 
4345 4971 
4346 4657 
4347 4903 
4348 4958 
4349 4949 
4350 1861 3981 4763 4731 4773 4969 
4351 4351 
4352 4885 4729 4864 4674 4852 
4353 4935 
4354 4947 
4355 4711 
4356 4924 
4357 4125 
4358 4967 
4359 4160 
4360 4758 
4361 4969 
4362 4844 4964 4817 4802 4924 
4363 4859 4968 4638 4674 4707 4997 
4364 4959 
4365 4916 
4366 4964 
4367 4716 4985 4150 4594 4385 
4368 4895 
4369 4731 
4370 4740 
4371 4802 
4372 4912 
4373 4608 
4374 4655 
4375 4968 
4376 4376 
4377 4859 
4378 4741 
4379 4983 
4380 4941 
4381 4176 
4382 4632 
4383 4958 
4384 4384 
4385 4385 
4386 4867 4938 4716 4986 4891 
4387 4977 
4388 4740 
4389 4958 4896 4635 4986 4891 
4390 4975 
4391 4883 
4392 4667 4868 4425 4986 4608 4916 
4393 3981 
4394 4681 
4395 4964 
4396 4912 
4397 4988 
4398 4896 
4399 4913 4667 4868 4758 4917 
4400 4864 
4401 4865 
4402 4895 
4403 4819 
4404 4911 
4405 4975 4405 3441 
4406 4997 
4407 4407 
4408 4977 
4409 4709 4964 4902 4926 
4410 4614 
4411 4740 
4412 4964 
4413 4385 
4414 4414 3758 
4415 4948 
4416 4968 
4417 4981 
4418 4903 
4419 4972 
4420 4746 
4421 4858 
4422 4422 
4423 4981 
4424 4916 
4425 4425 
4426 4385 4864 4450 4981 4924 
4427 4959 
4428 4407 4802 4920 4902 4987 
4429 4888 
4430 4953 
4431 4979 
4432 4904 
4433 4707 4647 4686 4983 4972 4384 4731 
4434 4986 
4435 4985 4733 4991 4858 4997 4893 
4436 4986 
4437 4709 
4438 4764 
4439 4773 
4440 4376 3597 4885 4971 4819 
4441 4259 
4442 4906 
4443 4764 
4444 4973 
4445 4979 
4446 4763 
4447 4733 
4448 4244 
4449 4773 
4450 4450 
4451 4875 
4452 4772 
4453 4524 
4454 4864 4733 4716 4958 4846 4589 4915 
4455 4455 
4456 4456 
4457 4867 
4458 3981 
4459 4731 
4460 4883 
4461 4598 
4462 4924 
4463 4971 
4464 4376 
4465 4893 4964 4935 4902 4709 
4466 4866 
4467 4935 
4468 4984 
4469 4500 
4470 4948 
4471 4967 
4472 4594 
4473 4867 
4474 4981 
4475 4166 
4476 4994 
4477 4983 
4478 4244 4933 4977 4608 4935 
4479 4912 
4480 4934 
4481 4892 
4482 4990 
4483 4721 4647 
4484 4948 
4485 4813 
4486 4902 
4487 4820 
4488 4686 
4489 4993 
4490 4495 
4491 4711 
4492 4920 
4493 4989 
4494 4541 
4495 4495 
4496 4881 
4497 4828 
4498 4731 4817 3984 4953 4846 4972 
4499 4868 
4500 4500 
4501 4958 
4502 4994 
4503 4503 
4504 4984 
4505 4868 
4506 4886 
4507 4989 
4508 4853 
4509 4985 
4510 4912 
4511 4987 
4512 4385 
4513 4524 
4514 4817 
4515 4709 4875 
4516 4516 
4517 4955 
4518 4991 4977 3109 4942 4995 4859 
4519 4896 
4520 4926 
4521 4935 
4522 4709 
4523 4924 
4524 4524 
4525 4948 
4526 4935 
4527 4989 
4528 4988 
4529 4942 
4530 4871 
4531 4828 
4532 4632 
4533 4958 
4534 4846 
4535 3869 
4536 4589 
4537 4938 
4538 4655 
4539 4943 
4540 4541 
4541 4541 
4542 4942 
4543 4635 
4544 4794 4990 4709 4949 4819 4955 
4545 4858 
4546 4844 
4547 4547 
4548 4911 
4549 4731 
4550 4959 
4551 4947 
4552 4891 
4553 4938 
4554 4998 
4555 4927 
4556 4925 
4557 4924 4317 4817 4729 3869 4968 4858 
4558 4859 
4559 4638 
4560 4991 
4561 4951 
4562 4973 
4563 4964 
4564 4618 
4565 4608 
4566 4997 
4567 4997 
4568 4935 
4569 4891 
4570 4998 
4571 4729 
4572 4740 
4573 4892 
4574 4906 
4575 4913 4942 4951 4681 4981 4881 4904 4934 
4576 4846 
4577 4995 
4578 4846 
4579 4686 
4580 4916 
4581 4150 
4582 4895 
4583 4947 
4584 4948 
4585 4933 
4586 4867 
4587 4716 
4588 4729 4977 4341 4802 4949 4813 4885 
4589 4589 
4590 4758 
4591 4716 
4592 4002 4895 4608 4681 4813 4995 4998 
4593 4942 
4594 4594 
4595 4802 
4596 4981 
4597 4958 
4598 4598 
4599 4924 
4600 3712 
4601 4975 
4602 4971 
4603 4741 
4604 4604 
4605 4847 
4606 4176 
4607 4983 
4608 4608 
4609 4828 
4610 4973 4967 4604 4503 4920 4964 4941 
4611 4385 
4612 4993 
4613 4125 4948 4604 4991 4917 4632 4758 
4614 4614 
4615 4915 
4616 3712 4166 4817 4979 4741 4896 4846 
4617 4891 
4618 4618 
4619 4934 4259 4385 4867 4991 4647 4883 4968 
4620 4620 
4621 4977 
4622 4938 
4623 4967 
4624 4903 
4625 4998 
4626 4998 
4627 4915 
4628 4991 
4629 4629 
4630 4376 
4631 4986 
4632 4632 
4633 4924 
4634 4902 
4635 4635 
4636 4967 
4637 4964 
4638 4638 4892 
4639 4991 
4640 4524 
4641 4844 
4642 4524 
4643 4995 
4644 4608 
4645 4979 
4646 4977 
4647 4647 
4648 4885 
4649 4998 
4650 4987 
4651 4674 
4652 4817 
4653 4868 
4654 4707 
4655 4655 
4656 4941 
4657 4657 
4658 4967 
4659 4924 
4660 4902 
4661 4943 
4662 4859 
4663 4773 
4664 4969 
4665 4938 
4666 4906 
4667 4667 
4668 4385 
4669 4669 
4670 4729 
4671 4859 
4672 4994 
4673 3946 
4674 4674 
4675 4995 
4676 4917 
4677 4731 
4678 4973 4632 4867 3999 4150 4524 4998 
4679 4904 
4680 4949 
4681 4681 
4682 4896 
4683 4959 
4684 4899 
4685 4917 
4686 4686 
4687 4959 
4688 4935 4166 4971 4975 4968 4949 4853 
4689 4979 
4690 4979 
4691 4883 
4692 4707 4977 3946 4958 4802 4979 3978 4667 
4693 4986 
4694 4852 
4695 4731 
4696 4904 
4697 4958 
4698 4975 
4699 4711 
4700 4948 4338 4875 4896 4635 4846 4828 
4701 4883 
4702 4924 
4703 4858 
4704 4906 
4705 4853 
4706 4886 
4707 4707 
4708 4876 
4709 4709 
4710 4847 
4711 4711 
4712 4949 
4713 4998 
4714 4820 
4715 4917 4979 4729 4926 4858 4716 4906 4875 
4716 4716 
4717 4986 
4718 4949 
4719 4763 4953 4971 4986 4933 4955 
4720 4871 4283 4995 4888 4055 4989 4998 4984 
4721 4721 
4722 4986 
4723 4959 
4724 4866 
4725 4608 
4726 4953 
4727 4915 
4728 4987 
4729 4729 
4730 4500 4949 
4731 4731 
4732 3703 4953 3946 4995 4888 4917 4943 4984 
4733 4733 
4734 4977 4376 4971 4604 4964 4981 4891 
4735 4935 
4736 4763 
4737 4987 
4738 4924 
4739 4948 
4740 4740 
4741 4741 
4742 4594 4886 3731 4903 4988 4844 4917 
4743 4916 
4744 4993 
4745 4942 
4746 4746 
4747 4893 
4748 4748 
4749 4899 
4750 4949 
4751 4911 
4752 4984 
4753 4949 
4754 4981 
4755 4924 
4756 4989 
4757 4913 
4758 4758 
4759 4859 
4760 4871 4899 4635 4938 4987 4979 4915 
4761 4981 3703 4864 4885 4847 4935 4899 4906 
4762 4125 
4763 4763 
4764 4764 
4765 4899 4288 4817 4808 4885 4949 4904 4847 
4766 4958 
4767 4055 4524 4994 4813 4846 4638 4993 
4768 4979 
4769 4947 
4770 4817 
4771 4949 
4772 4772 
4773 4773 
4774 4997 
4775 4949 
4776 4925 4864 4895 4740 4731 4847 4953 
4777 4942 
4778 4847 
4779 4847 
4780 4971 
4781 4949 
4782 4150 
4783 4893 
4784 4784 
4785 4995 
4786 4981 
4787 4758 
4788 4866 
4789 4969 
4790 4915 
4791 4594 
4792 4989 
4793 4876 
4794 4794 
4795 4917 
4796 4844 
4797 4865 
4798 4875 
4799 4989 
4800 4935 
4801 4979 
4802 4802 
4803 4819 
4804 4244 4913 4414 4516 4989 4915 4729 4997 
4805 4707 
4806 4883 
4807 4865 
4808 4808 
4809 4993 
4810 4979 
4811 4647 4822 4953 4998 4991 4927 4969 4934 
4812 4912 
4813 4813 4942 
4814 4988 
4815 4817 
4816 4959 
4817 4817 
4818 4971 4981 3869 4912 4160 4924 4899 
4819 4819 
4820 4820 
4821 4886 
4822 4822 
4823 4853 
4824 4891 
4825 4920 
4826 4941 
4827 4935 
4828 4828 
4829 4967 
4830 4969 
4831 4972 
4832 4949 
4833 4949 
4834 4911 
4835 4985 4994 4802 4002 4160 4893 4647 4969 
4836 4846 
4837 4916 
4838 4166 4991 4888 4822 4981 4989 4916 
4839 4994 4655 4971 4859 4942 4853 
4840 4959 
4841 4990 
4842 4942 
4843 4924 
4844 4844 
4845 4997 
4846 4846 
4847 4847 
4848 4500 4917 4859 4150 4647 4948 4915 
4849 4986 
4850 4981 
4851 4886 
4852 4852 4951 
4853 4853 
4854 4716 
4855 4942 
4856 4904 
4857 4926 
4858 4858 4758 
4859 4859 
4860 4949 4758 
4861 4984 
4862 4983 4729 4953 4917 4614 4925 4941 4904 
4863 4934 
4864 4864 
4865 4865 
4866 4866 
4867 4867 
4868 4868 
4869 4935 
4870 4917 
4871 4871 
4872 4822 
4873 4975 
4874 4376 4865 4794 4500 4998 4495 4903 4986 
4875 4875 
4876 4876 
4877 4947 
4878 3946 4707 4938 4958 4865 4885 4926 4160 
4879 4594 
4880 4943 
4881 4881 
4882 4916 
4883 4883 
4884 4986 
4885 4885 
4886 4886 
4887 4916 
4888 4888 
4889 4969 
4890 4968 
4891 4891 
4892 4892 
4893 4893 
4894 4942 
4895 4895 
4896 4896 
4897 4998 
4898 4977 
4899 4899 
4900 4740 
4901 4955 
4902 4902 
4903 4903 
4904 4904 
4905 4942 
4906 4906 
4907 4896 
4908 4972 
4909 4906 
4910 4773 4989 4772 4594 4711 4758 4853 4916 
4911 4911 
4912 4912 
4913 4913 
4914 4500 4892 4859 4632 4733 4942 4941 4906 
4915 4915 
4916 4916 
4917 4917 
4918 4608 4967 4883 4647 4871 4983 4414 4847 
4919 4924 
4920 4920 
4921 4859 
4922 4794 4942 4629 4964 4773 4915 4524 4949 
4923 4916 
4924 4924 
4925 4925 
4926 4926 
4927 4927 
4928 4938 
4929 4943 
4930 4871 4852 4817 4892 4150 4893 4986 4883 
4931 4986 4125 4892 4500 4989 4828 4916 
4932 4888 
4933 4933 
4934 4934 
4935 4935 
4936 4935 
4937 4997 
4938 4938 
4939 4924 
4940 4938 
4941 4941 
4942 4942 
4943 4943 
4944 4731 4794 4844 4912 4987 4906 4941 4949 
4945 4998 4741 4951 4707 4594 4516 4949 4969 
4946 4964 
4947 4947 
4948 4948 
4949 4949 
4950 4949 
4951 4951 
4952 4822 4985 4983 4608 4748 4888 4906 
4953 4953 
4954 4981 4951 4995 4808 4351 4620 4967 4846 
4955 4955 
4956 4125 4975 4998 4456 4933 4917 4817 4915 4891 
4957 4516 
4958 4958 
4959 4959 
4960 4984 
4961 4822 4524 4935 4244 4674 4638 4802 4748 4964 
4962 4915 
4963 4998 
4964 4964 
4965 4883 
4966 4935 
4967 4967 
4968 4968 
4969 4969 
4970 4969 
4971 4971 
4972 4972 
4973 4973 
4974 4917 
4975 4975 
4976 4817 4917 
4977 4977 
4978 4994 
4979 4979 
4980 4933 3869 4865 4895 4707 4881 4748 4883 4989 
4981 4981 
4982 4989 
4983 4983 
4984 4984 
4985 4985 848 
4986 4986 
4987 4987 
4988 4988 
4989 4989 
4990 4990 
4991 4991 
4992 4385 4859 4948 4886 4716 4748 4989 4853 
4993 4993 
4994 4994 
4995 4995 
4996 4969 
4997 4997 
4998 4998 
4999 4895 
5000 4953 
