1 4431 
2 4999 
3 4950 
4 4951 
5 4892 
6 4685 
7 4979 
8 4942 4866 
9 4835 
10 4788 
11 4863 
12 4893 
13 4996 
14 4990 
15 4997 
16 3850 
17 4963 
18 4593 
19 4853 4768 4951 
20 4937 
21 4944 
22 4981 
23 4990 
24 4829 
25 4949 
26 4978 
27 4903 
28 4768 
29 3318 
30 4892 
31 4686 
32 4724 
33 4968 
34 4645 
35 4538 
36 4999 
37 3955 
38 4021 4606 
39 4942 
40 4944 
41 4946 
42 4986 
43 4923 
44 4887 
45 4428 
46 4991 
47 4963 
48 4960 
49 4685 
50 4976 
51 4990 
52 4893 
53 4866 
54 4867 
55 4972 
56 4932 
57 4973 
58 4017 
59 3471 
60 4581 
61 4685 
62 4986 
63 4867 
64 4685 
65 4593 
66 4970 
67 4906 
68 4946 
69 4702 
70 4697 
71 4893 
72 4963 
73 4516 
74 4951 
75 4950 
76 4768 
77 4969 
78 4963 
79 4975 
80 4728 4821 4920 
81 4798 
82 3462 
83 4844 
84 4797 
85 4830 
86 4582 
87 4980 
88 4993 
89 4881 
90 4830 
91 4401 
92 4741 
93 4980 
94 4606 3724 4743 
95 4850 
96 4949 
97 4978 
98 4855 
99 4893 
100 4960 
101 4984 
102 4837 
103 4881 
104 4993 
105 4968 
106 4953 
107 4949 
108 4967 
109 4779 
110 4835 
111 4948 
112 4618 
113 4866 
114 4837 4998 
115 4618 
116 4917 
117 4942 
118 4975 
119 4798 
120 4516 
121 4984 
122 4976 
123 4342 4850 4625 
124 4608 
125 4830 
126 3471 
127 4975 
128 4905 
129 4970 
130 4821 4825 
131 4980 
132 4850 4516 4837 
133 3805 
134 4960 
135 4995 
136 4996 
137 4767 
138 4835 
139 4697 
140 4961 
141 4991 
142 4821 
143 4795 
144 3318 
145 4867 
146 4850 
147 4976 
148 3120 
149 4877 
150 3955 
151 4963 
152 4990 
153 4978 
154 4945 
155 4942 4721 4307 
156 4442 
157 4975 
158 4997 
159 4741 
160 4932 
161 4673 
162 4702 3955 4971 
163 4568 
164 4744 
165 4956 
166 4969 
167 4712 
168 4993 
169 4987 4307 
170 3850 
171 4969 
172 4627 
173 4923 
174 4996 
175 4978 
176 3120 
177 4996 
178 4733 4625 4708 
179 4881 4957 
180 4970 
181 4627 
182 4987 
183 4625 
184 4953 
185 4956 
186 4978 
187 4997 
188 4954 4913 
189 4574 
190 4871 
191 4608 
192 4960 
193 4987 
194 4853 4625 
195 4428 
196 4892 4961 
197 4923 
198 4976 
199 4981 4913 
200 4708 
201 3471 4760 
202 4021 
203 4990 
204 4997 
205 4872 
206 4853 
207 4987 
208 4855 
209 4431 
210 4893 
211 4795 
212 4685 
213 4342 
214 4686 
215 4837 4776 4741 4883 
216 4903 
217 4655 
218 4877 
219 4584 
220 4708 
221 4946 
222 4795 4581 4737 
223 4795 3469 
224 4987 
225 4584 
226 4975 
227 4866 
228 4975 4686 4820 
229 4840 
230 4964 
231 4823 4956 
232 4954 
233 1909 4976 
234 4708 
235 4850 
236 4768 
237 4702 
238 4998 
239 4768 
240 4725 
241 4608 
242 4867 
243 4830 
244 4779 
245 3318 
246 4969 
247 4017 
248 4442 
249 4976 
250 4850 
251 4950 
252 4627 
253 4969 
254 4646 
255 4996 
256 3120 4968 
257 4980 
258 4662 
259 4853 
260 4963 
261 4837 4656 
262 4944 
263 4574 
264 4971 
265 4872 
266 4971 
267 4950 
268 4968 
269 4923 
270 4968 
271 4892 
272 4942 
273 4993 
274 4356 
275 4799 
276 4877 
277 4986 
278 4702 
279 4997 
280 4946 
281 4984 
282 4422 
283 4608 4702 
284 4893 
285 4685 4616 
286 4799 4673 
287 4993 
288 4923 
289 4581 4954 
290 4581 
291 4883 
292 4945 
293 4957 
294 4957 4850 4823 
295 4987 
296 4875 
297 4887 
298 4971 
299 4881 4913 
300 4974 
301 4830 
302 4923 
303 4829 
304 4902 
305 4978 4743 
306 4840 
307 4877 
308 4951 
309 4871 
310 4929 
311 4964 
312 4903 4741 4855 
313 4656 
314 4702 
315 4685 
316 4442 
317 4923 
318 4956 
319 4721 
320 4406 
321 4902 
322 4581 
323 4905 
324 4905 
325 4850 4917 
326 4978 
327 4997 
328 4956 
329 4329 
330 4577 
331 4986 
332 4883 
333 4574 
334 4593 
335 4741 
336 4584 
337 4975 4995 
338 4981 
339 4871 
340 4737 
341 4980 
342 4855 4721 
343 4224 
344 4906 
345 4586 
346 4872 
347 4855 
348 4944 
349 4021 
350 4971 
351 4584 
352 4263 
353 4893 
354 4987 4702 4950 
355 4741 
356 3120 
357 4996 
358 4733 
359 4978 4881 
360 4853 
361 4656 4835 
362 4980 
363 4951 
364 4584 
365 4733 
366 4844 
367 4865 
368 4956 4820 
369 4978 
370 1909 
371 4625 
372 4474 
373 4913 
374 4970 
375 4956 
376 4586 
377 4830 
378 4951 
379 4779 
380 4946 
381 4743 
382 4993 
383 4932 
384 4821 
385 4581 
386 4979 
387 1724 3955 
388 4702 4987 
389 4743 
390 4913 
391 4431 4945 
392 2592 4721 
393 4674 
394 4975 
395 4978 
396 4767 
397 4987 
398 4906 
399 4961 
400 4256 
401 4850 
402 4993 
403 4942 
404 4797 
405 4970 
406 4902 
407 4795 
408 4913 
409 4960 
410 4625 
411 4850 4444 4820 4608 
412 4702 
413 4975 
414 4865 
415 4724 
416 4853 
417 4951 
418 4923 
419 4949 
420 4577 
421 4991 
422 4593 
423 4645 
424 4442 
425 4853 
426 4474 
427 4956 
428 4798 
429 4444 
430 4625 
431 4979 
432 4996 
433 3955 
434 4627 
435 4954 
436 4986 
437 4830 
438 4779 
439 4844 
440 4877 
441 4627 
442 4538 
443 4946 
444 4538 
445 4850 
446 4984 
447 4950 
448 4987 
449 4949 
450 4996 
451 4850 4702 
452 4823 
453 4656 
454 4970 
455 4942 
456 3696 
457 4615 
458 4902 
459 4702 
460 4538 
461 4976 
462 4986 
463 4872 
464 4980 
465 4820 4837 
466 4406 
467 4825 
468 4625 
469 4822 
470 4897 
471 4887 4872 3471 
472 4582 
473 4979 
474 4835 
475 4902 
476 4954 
477 4685 
478 4798 
479 4996 
480 4837 
481 4674 
482 4951 
483 4892 
484 4724 
485 4741 
486 4574 
487 4872 3318 
488 4593 
489 4776 
490 4913 
491 4538 
492 4913 
493 4853 
494 4999 4516 
495 4945 
496 4963 
497 4942 
498 4224 
499 4850 
500 4996 
501 4645 4743 
502 4996 
503 4017 
504 4937 
505 4751 
506 4442 
507 4993 
508 4942 
509 4797 
510 4951 4867 
511 4516 
512 4937 
513 4887 
514 4987 
515 4356 
516 4767 
517 4986 
518 4616 4944 
519 4844 
520 3471 
521 4685 
522 4945 
523 4948 
524 4998 
525 4825 
526 4990 4946 4974 
527 4923 
528 4708 4917 4820 
529 4982 
530 4850 
531 4954 
532 4702 
533 4883 
534 4998 
535 4979 
536 4702 
537 4953 
538 4256 
539 4979 
540 4991 4821 
541 4606 
542 4951 
543 4686 
544 4948 
545 4954 
546 4954 
547 4608 
548 4999 
549 4356 
550 4017 4971 
551 4944 
552 4920 
553 4356 
554 4875 
555 4979 
556 4996 
557 4867 
558 4702 
559 4999 
560 4538 4998 
561 4799 
562 4917 
563 3462 
564 4444 
565 4674 
566 4615 
567 4830 
568 4957 
569 4949 
570 4969 
571 4645 
572 4929 
573 4948 
574 4835 
575 4865 
576 4872 
577 4708 
578 4474 
579 4951 
580 4840 
581 4516 
582 4608 4929 
583 4906 
584 4741 
585 4987 
586 4881 
587 4313 4903 
588 4991 4823 
589 4945 
590 4855 
591 3850 
592 4401 
593 4929 
594 4995 
595 4685 
596 4795 
597 4428 
598 4969 4877 
599 4855 
600 4969 
601 4224 
602 4855 
603 4741 
604 4697 4625 
605 4744 
606 4913 
607 4741 
608 4686 4972 
609 4743 
610 4728 
611 4767 
612 4934 
613 4877 
614 4401 
615 4686 
616 4902 
617 4017 
618 4986 
619 4969 
620 4837 
621 4987 
622 4581 
623 4964 
624 4944 
625 4850 
626 4903 4702 
627 4905 
628 4733 
629 3850 
630 4887 
631 3805 
632 4948 
633 4823 
634 4829 
635 3120 
636 4733 
637 4953 
638 4905 
639 4902 
640 4521 
641 4945 
642 4646 
643 4702 4751 
644 4981 
645 4991 4577 
646 4913 
647 4984 3120 
648 4995 
649 4538 
650 3912 
651 4969 
652 4996 
653 4516 
654 4724 
655 3120 
656 4656 
657 4708 
658 4902 
659 4991 
660 3462 
661 4867 4923 
662 4960 4686 
663 4897 
664 4725 
665 4685 4744 
666 3696 
667 4577 
668 4986 
669 4662 
670 4708 
671 4577 
672 4724 
673 4964 
674 3696 
675 4625 
676 4313 
677 4606 
678 4685 
679 4905 
680 4538 
681 4431 
682 4934 
683 4951 
684 4474 4978 
685 4967 
686 4586 
687 4444 4406 
688 4656 4957 
689 4991 
690 4702 
691 4741 4702 4823 
692 4741 
693 4995 
694 4581 
695 4586 
696 4844 
697 4645 
698 4945 
699 4797 
700 4625 
701 4516 
702 4840 
703 3120 4516 
704 4474 
705 4218 
706 4627 
707 4973 
708 4950 
709 4741 
710 4913 
711 4967 
712 4956 
713 4568 
714 3462 
715 4949 
716 4923 
717 4997 
718 4990 
719 4964 4953 
720 4961 
721 4942 
722 4968 
723 4970 
724 4855 4954 
725 4821 
726 4877 4905 
727 4702 
728 4953 
729 4865 
730 4797 
731 4837 
732 4667 
733 4893 
734 4951 
735 4987 
736 4743 
737 4991 
738 4733 
739 4853 
740 3469 
741 2820 3469 
742 4932 
743 4741 
744 4913 
745 4686 
746 4685 
747 4850 
748 4582 
749 4655 4975 2592 
750 4893 
751 4712 
752 4951 
753 4741 4953 
754 4584 
755 4991 
756 4979 
757 2564 
758 4964 
759 4917 
760 4995 
761 4581 
762 4951 
763 4929 
764 4956 
765 4877 
766 4945 
767 4893 4971 
768 4398 
769 4987 
770 4961 
771 4967 
772 4313 
773 4313 
774 3120 
775 4975 
776 4521 4667 
777 4256 
778 4999 
779 4584 
780 4991 
781 4823 
782 4877 
783 4929 
784 4581 
785 4724 
786 4788 
787 4986 
788 4581 
789 4586 
790 4929 
791 4956 
792 4902 
793 4702 
794 4875 
795 4837 
796 4972 
797 4877 4224 
798 4897 
799 4999 
800 4422 
801 4883 
802 4893 4867 
803 4863 
804 4788 
805 4871 
806 4398 
807 4835 
808 4982 
809 4776 
810 4964 
811 4667 3471 
812 4997 
813 4887 
814 4944 
815 4934 
816 4837 
817 4881 
818 4975 
819 4702 3471 
820 4625 
821 4625 
822 3912 
823 4951 
824 4979 
825 4937 
826 4673 
827 4850 
828 4625 
829 4903 
830 4702 4741 
831 4725 
832 4568 
833 4905 
834 4981 
835 4949 
836 4887 
837 4883 
838 4582 
839 4568 
840 4979 4685 3850 
841 4997 
842 4971 
843 4444 
844 4256 
845 4967 
846 4913 
847 4728 
848 4627 
849 4970 
850 4951 
851 4953 4987 4776 
852 4779 
853 4584 
854 4837 
855 4978 
856 4893 
857 4825 
858 4877 
859 4431 
860 4218 
861 4218 
862 2592 
863 4946 
864 4913 4743 
865 4993 
866 4797 
867 4442 
868 4991 
869 4725 
870 4728 
871 4942 
872 4728 
873 4986 
874 4788 
875 4987 
876 4844 
877 4998 
878 4751 
879 4342 4853 
880 4823 4920 
881 4893 
882 4853 
883 4972 
884 4949 
885 4902 
886 4978 
887 4760 
888 4957 
889 4999 
890 4929 
891 4981 
892 4867 
893 4431 
894 4702 
895 4342 
896 3805 
897 4837 
898 4929 
899 4978 
900 4954 
901 4981 
902 4956 
903 3696 
904 4892 
905 4944 
906 4963 
907 4987 
908 4584 4686 
909 4728 
910 4768 
911 4881 
912 4986 
913 4674 
914 4953 
915 4795 
916 4853 
917 4356 
918 4937 
919 4820 
920 4743 
921 4776 
922 4937 4929 4978 
923 4616 
924 4853 4871 4850 
925 4979 
926 4584 
927 4853 
928 4978 
929 4954 
930 4995 
931 4969 
932 4923 
933 4905 
934 4960 
935 4737 
936 4329 
937 4593 4307 
938 4224 
939 4844 
940 4618 
941 4867 
942 4708 
943 4313 
944 4964 
945 4256 
946 4971 
947 4779 
948 4645 
949 4581 4667 
950 4982 
951 4593 
952 4615 
953 4725 
954 4944 
955 4017 
956 4877 
957 4984 
958 4949 
959 4978 
960 4946 
961 4853 
962 4996 
963 4593 
964 4995 
965 4616 
966 4673 
967 4956 
968 4968 
969 4978 
970 4969 
971 4967 
972 4993 
973 4625 
974 4995 
975 4625 
976 4538 
977 4975 
978 4887 
979 4975 
980 4944 
981 4582 
982 4581 
983 4984 
984 4645 
985 4844 
986 4850 
987 4751 
988 4581 
989 4877 
990 4990 
991 4342 4978 
992 4961 
993 4971 
994 4017 
995 4872 
996 4733 
997 4863 
998 4913 
999 4945 
1000 2592 
1001 3955 
1002 4976 
1003 4625 4974 
1004 4881 
1005 4798 
1006 4442 
1007 4995 
1008 4855 
1009 4837 
1010 4906 
1011 4877 4934 
1012 4521 4980 3318 
1013 4743 
1014 2820 
1015 4616 
1016 3805 
1017 4975 4625 4712 
1018 4837 
1019 4853 
1020 4655 
1021 4990 
1022 2592 4581 
1023 3462 
1024 4795 
1025 3696 
1026 4984 
1027 4844 
1028 4999 
1029 4902 
1030 4877 
1031 4999 
1032 4017 
1033 4844 
1034 4850 
1035 4017 
1036 4990 
1037 4883 
1038 4934 
1039 4913 
1040 4581 
1041 4733 
1042 4797 
1043 4728 
1044 4972 
1045 4820 
1046 4917 
1047 4768 
1048 4969 
1049 4431 
1050 4568 
1051 4953 
1052 4944 
1053 4950 
1054 4685 
1055 4906 
1056 4697 
1057 4964 
1058 4932 
1059 4950 
1060 4950 
1061 4737 
1062 4686 
1063 4881 
1064 4798 
1065 4968 
1066 3318 
1067 4997 
1068 4686 
1069 4708 4627 
1070 4581 
1071 4741 
1072 4961 
1073 4946 
1074 4741 
1075 4996 
1076 4993 
1077 4574 
1078 4920 
1079 4737 
1080 4998 
1081 4795 
1082 4823 
1083 4586 
1084 4474 
1085 4721 
1086 4867 
1087 4913 4990 
1088 4627 
1089 4823 
1090 4768 4903 
1091 4995 
1092 1411 
1093 4867 4942 
1094 2564 4975 
1095 4967 
1096 4986 
1097 4521 
1098 4887 
1099 4964 
1100 3120 
1101 4760 
1102 4905 
1103 4913 
1104 4905 
1105 4913 
1106 4892 
1107 2564 4608 
1108 4406 
1109 4398 
1110 4422 4942 
1111 4964 
1112 4767 
1113 4949 
1114 4697 3471 
1115 4840 
1116 4798 
1117 4949 
1118 4979 
1119 4944 
1120 4743 
1121 4902 
1122 4224 
1123 4837 4897 
1124 4893 
1125 4850 
1126 4987 
1127 4949 
1128 4954 
1129 4970 
1130 4934 4867 4021 
1131 4950 
1132 4953 4979 
1133 4903 
1134 4887 
1135 4950 
1136 4406 
1137 4905 
1138 4307 
1139 4982 
1140 4776 
1141 4980 
1142 4877 4821 
1143 4697 
1144 4797 
1145 4990 
1146 4893 
1147 4795 
1148 4991 
1149 4697 
1150 3273 
1151 4973 
1152 4954 
1153 4996 
1154 4969 
1155 4993 
1156 4662 4957 
1157 4984 
1158 4877 4586 4822 
1159 4979 
1160 4616 
1161 4263 
1162 4974 
1163 4760 
1164 4887 
1165 4887 4776 
1166 4997 
1167 4737 
1168 4850 
1169 4593 
1170 1724 4686 
1171 4979 
1172 4224 
1173 4797 
1174 4867 
1175 2592 
1176 4913 
1177 4954 
1178 4920 
1179 4942 
1180 4942 
1181 4903 
1182 4991 
1183 4767 
1184 4969 
1185 4608 4913 4850 
1186 4686 
1187 4616 
1188 4867 
1189 4986 
1190 4877 
1191 4574 
1192 4964 
1193 4724 
1194 4887 3724 4903 
1195 4751 
1196 4972 
1197 4964 
1198 3471 
1199 4948 
1200 4737 
1201 4593 
1202 4837 
1203 4967 
1204 4844 
1205 2940 
1206 4887 
1207 4881 
1208 4721 
1209 4702 
1210 4893 
1211 4881 
1212 4615 
1213 4863 
1214 4934 
1215 4568 
1216 4953 
1217 4686 
1218 4767 
1219 4329 
1220 4972 
1221 4867 
1222 4577 
1223 4674 4867 
1224 4990 
1225 4893 
1226 3805 
1227 4948 
1228 4975 4646 
1229 4797 
1230 4743 
1231 4979 
1232 4721 
1233 1909 
1234 4932 
1235 4980 
1236 4581 
1237 4964 
1238 4905 
1239 4913 
1240 4920 
1241 4953 
1242 3724 4625 3850 4823 
1243 4964 
1244 3724 
1245 4975 
1246 4949 
1247 4853 
1248 4516 
1249 4964 
1250 4799 
1251 4625 
1252 4996 
1253 4967 
1254 4997 
1255 4725 
1256 4741 
1257 4976 
1258 4995 
1259 4995 
1260 4788 
1261 4997 
1262 4970 
1263 4951 
1264 4917 
1265 4743 
1266 4521 
1267 4744 
1268 4263 
1269 4971 
1270 4969 
1271 4974 
1272 4844 
1273 4768 
1274 4422 
1275 4877 
1276 4313 
1277 4950 
1278 4934 
1279 4951 
1280 4970 
1281 4978 
1282 4768 
1283 4538 
1284 4829 
1285 4887 
1286 4581 
1287 4844 
1288 4798 
1289 4913 
1290 4881 
1291 4951 
1292 4615 
1293 4950 
1294 4428 4538 4923 
1295 4999 
1296 4937 
1297 4398 
1298 4474 
1299 4744 
1300 4850 
1301 4990 
1302 4853 4892 4920 
1303 4256 4606 4625 
1304 4964 
1305 4428 
1306 4923 
1307 4892 
1308 4999 
1309 4444 
1310 4776 
1311 3273 
1312 4850 
1313 3955 4902 4853 
1314 4474 
1315 4923 
1316 4608 
1317 4975 
1318 3955 
1319 4984 
1320 4721 
1321 4893 
1322 4779 
1323 3696 
1324 4961 
1325 4984 
1326 4853 
1327 4937 
1328 4313 4995 
1329 4944 
1330 4741 
1331 4987 
1332 4625 
1333 4979 
1334 4674 
1335 4627 
1336 4934 
1337 4625 
1338 4795 
1339 4923 
1340 4797 
1341 4975 
1342 4516 4586 
1343 4949 
1344 4969 
1345 4837 
1346 4655 
1347 4913 
1348 4616 
1349 4913 
1350 4946 
1351 4893 
1352 4218 
1353 4905 
1354 4893 
1355 4712 
1356 4850 
1357 4974 4937 
1358 4627 
1359 4798 
1360 4956 
1361 4971 
1362 3805 
1363 4980 
1364 4893 4724 4929 
1365 4743 
1366 4702 
1367 4997 
1368 4954 
1369 3469 
1370 4961 
1371 4969 
1372 3955 3724 
1373 4577 
1374 4724 
1375 3318 
1376 4017 
1377 4944 
1378 4516 
1379 4990 
1380 4656 4685 4776 
1381 4673 
1382 4627 
1383 4990 
1384 4853 
1385 4779 
1386 4538 
1387 4593 
1388 4960 
1389 4850 
1390 4893 
1391 4990 
1392 4968 
1393 4767 
1394 4942 
1395 4902 
1396 4946 
1397 4929 
1398 4645 
1399 4877 4329 
1400 4998 
1401 4863 
1402 4971 4779 4991 
1403 4945 
1404 4608 4674 
1405 4971 
1406 4995 
1407 4986 
1408 4937 
1409 4821 
1410 4978 
1411 1411 
1412 4844 
1413 4893 
1414 4871 
1415 4945 
1416 4964 
1417 4971 
1418 4853 
1419 4743 
1420 4823 
1421 3955 
1422 4224 4767 4835 4973 
1423 4942 
1424 4883 
1425 4627 
1426 4998 
1427 3850 
1428 4917 
1429 4887 
1430 4685 
1431 4743 
1432 4917 
1433 4953 
1434 4218 4990 
1435 4960 
1436 4702 4974 
1437 3120 
1438 4863 
1439 4929 
1440 4937 
1441 4256 
1442 4893 
1443 4923 
1444 4954 
1445 4923 
1446 4686 
1447 4948 
1448 4949 
1449 4877 
1450 4721 
1451 4969 
1452 4875 
1453 4980 
1454 4829 
1455 4712 
1456 4017 
1457 4821 
1458 4685 
1459 4356 
1460 4582 
1461 4991 4256 
1462 4835 
1463 4821 4913 
1464 4593 
1465 4779 
1466 3471 4521 
1467 4721 
1468 4428 
1469 4934 
1470 4970 
1471 4788 
1472 4969 
1473 4976 
1474 3273 
1475 4893 
1476 4892 
1477 4744 
1478 4721 
1479 4256 
1480 4606 4608 4728 
1481 4902 
1482 4837 
1483 4850 4877 
1484 4307 
1485 4313 4516 
1486 4401 
1487 4905 
1488 4968 
1489 4971 
1490 4964 
1491 4917 
1492 4972 
1493 4674 
1494 4776 
1495 4990 4741 4837 4973 
1496 4820 
1497 4944 
1498 3724 
1499 4976 4224 
1500 4581 
1501 2592 
1502 4712 
1503 4342 
1504 4708 
1505 4944 
1506 4795 
1507 4984 
1508 4969 
1509 4645 
1510 4893 
1511 4978 
1512 4953 
1513 4708 
1514 4329 
1515 4917 
1516 4996 
1517 4586 4702 4674 
1518 4708 
1519 4686 
1520 4974 
1521 4996 
1522 4444 
1523 4442 
1524 4615 
1525 4993 4673 
1526 4686 
1527 4964 
1528 4905 
1529 4937 
1530 4950 
1531 4993 
1532 4945 
1533 4990 
1534 4937 
1535 1909 4883 4937 
1536 4967 
1537 4975 
1538 4872 3469 3120 
1539 4906 
1540 4974 
1541 4538 
1542 4893 4837 3471 
1543 4998 
1544 4837 
1545 4855 
1546 4625 
1547 4702 
1548 4867 
1549 4982 
1550 4840 
1551 4656 
1552 4823 
1553 4987 
1554 4844 
1555 4973 
1556 4686 
1557 4721 
1558 4697 
1559 3696 
1560 4990 
1561 4741 
1562 4721 
1563 4442 
1564 4949 
1565 4872 
1566 4946 
1567 4967 
1568 4627 
1569 4902 
1570 4996 
1571 4875 
1572 4218 
1573 4951 
1574 4872 
1575 4844 
1576 4702 
1577 4760 
1578 4954 
1579 4981 
1580 4979 
1581 4721 
1582 4516 
1583 4996 
1584 4667 
1585 4923 
1586 4674 
1587 4957 
1588 4951 
1589 3120 
1590 4881 
1591 4871 
1592 4356 
1593 4779 
1594 4948 
1595 4844 
1596 4737 
1597 4871 
1598 4608 
1599 4984 
1600 4751 
1601 4951 4971 4997 
1602 4667 
1603 4964 
1604 4401 
1605 4995 
1606 4920 
1607 4568 4902 
1608 4574 
1609 4863 
1610 4893 
1611 4970 
1612 4951 
1613 4655 
1614 4779 
1615 4733 
1616 4795 
1617 4655 
1618 4971 
1619 3318 
1620 4979 
1621 4797 
1622 4945 
1623 4867 
1624 4697 
1625 4656 
1626 4702 
1627 4795 
1628 4702 
1629 4978 
1630 4991 
1631 4950 
1632 4975 
1633 4946 
1634 4822 
1635 4708 
1636 4820 
1637 4929 
1638 4951 
1639 4913 
1640 4946 
1641 4887 
1642 4795 
1643 4875 
1644 4474 
1645 4788 
1646 4887 
1647 4975 
1648 4667 
1649 4999 
1650 4963 
1651 4721 
1652 4313 
1653 4356 
1654 4618 
1655 4835 
1656 4593 
1657 4724 
1658 4830 
1659 4967 
1660 4979 
1661 4721 
1662 4905 4979 4978 
1663 4968 
1664 4867 
1665 4893 
1666 4329 
1667 3120 4949 
1668 4993 
1669 4593 
1670 4615 
1671 4944 
1672 4975 4329 3724 4728 
1673 4724 
1674 3912 
1675 4964 
1676 4615 4991 
1677 4990 
1678 4850 4779 4702 
1679 4893 
1680 4724 
1681 4991 
1682 4401 
1683 4741 
1684 4950 
1685 4984 
1686 4615 
1687 3273 4913 4865 
1688 4863 
1689 4581 
1690 4625 
1691 4655 
1692 4398 
1693 4906 
1694 4863 
1695 4956 
1696 4944 
1697 4969 
1698 4702 
1699 4996 4741 
1700 4967 
1701 4855 
1702 4760 
1703 4906 
1704 4516 
1705 4422 
1706 4969 
1707 4995 
1708 4021 
1709 4942 
1710 4971 
1711 4835 4307 4840 
1712 4685 
1713 4980 
1714 4741 3273 3469 
1715 4656 
1716 4999 
1717 4996 4991 
1718 4893 
1719 4995 
1720 4937 
1721 4987 
1722 4991 
1723 4978 
1724 1724 
1725 4942 
1726 4903 
1727 4398 
1728 4474 
1729 4954 
1730 4444 
1731 4686 4608 
1732 4881 
1733 4945 
1734 4893 
1735 4953 
1736 3724 
1737 4945 
1738 4978 
1739 4954 
1740 4975 
1741 4741 
1742 4867 
1743 4978 
1744 4686 
1745 4974 
1746 4979 
1747 4982 
1748 4944 
1749 4850 4822 4975 
1750 4887 
1751 4893 
1752 4957 
1753 4946 
1754 4956 
1755 4968 
1756 4949 
1757 4741 
1758 4875 
1759 4608 
1760 4964 4953 
1761 4997 4923 4822 
1762 4795 
1763 4645 4881 4586 
1764 4618 
1765 3850 
1766 4795 
1767 4972 
1768 4905 
1769 4981 4840 4893 4897 
1770 4581 
1771 4788 
1772 4945 
1773 4866 4685 
1774 4960 
1775 4721 
1776 4521 
1777 4883 
1778 4615 
1779 4975 
1780 4934 
1781 4897 
1782 3318 4837 4866 
1783 4702 
1784 4968 
1785 4893 
1786 4987 
1787 4998 
1788 4937 
1789 4905 
1790 4307 
1791 4997 
1792 4950 
1793 3850 
1794 4863 
1795 4974 
1796 4913 
1797 3724 
1798 4516 
1799 4934 
1800 4967 
1801 4863 
1802 4760 
1803 4902 4855 
1804 4724 
1805 4963 
1806 4923 
1807 4993 
1808 4974 
1809 4263 
1810 4902 
1811 4877 
1812 4972 
1813 4961 
1814 4978 4951 4971 
1815 4733 
1816 4993 4972 4996 
1817 4945 
1818 4991 
1819 4516 
1820 4993 
1821 4850 
1822 4581 
1823 4961 
1824 4795 
1825 4686 
1826 4963 
1827 4970 
1828 1909 4975 
1829 4945 
1830 4969 4017 4970 
1831 3471 
1832 4702 4998 
1833 4835 
1834 3469 
1835 4946 
1836 4263 
1837 4021 
1838 4708 
1839 4767 
1840 4993 
1841 4963 
1842 4987 
1843 4913 
1844 4995 
1845 4892 
1846 4218 
1847 4356 
1848 4987 
1849 4853 
1850 3273 4974 
1851 4887 
1852 4697 
1853 4942 
1854 4951 
1855 4957 
1856 4444 
1857 4902 
1858 4993 
1859 4795 
1860 4581 
1861 4656 
1862 4853 4913 4932 4961 
1863 4616 4975 
1864 4224 
1865 4224 
1866 4581 
1867 4980 
1868 4903 
1869 4830 
1870 4881 
1871 4608 4673 
1872 4582 
1873 3462 
1874 4593 
1875 4795 
1876 4976 
1877 4951 
1878 4776 4586 
1879 4990 
1880 4971 
1881 4521 4795 4996 
1882 4968 
1883 4625 
1884 4618 
1885 4957 
1886 4934 
1887 4872 
1888 4946 
1889 4406 4991 4712 
1890 4218 
1891 4968 
1892 4929 
1893 4017 
1894 4741 4313 
1895 4903 
1896 4877 
1897 4887 
1898 4987 
1899 4667 
1900 4964 
1901 3469 4645 4823 
1902 4960 
1903 4867 4646 
1904 4741 
1905 4951 
1906 4702 4913 4721 
1907 4881 
1908 4897 
1909 1909 
1910 4741 4903 4974 
1911 4951 
1912 4743 
1913 4822 4406 4737 
1914 4969 
1915 4593 
1916 4942 
1917 4224 
1918 4998 
1919 4686 
1920 4872 
1921 4991 
1922 4584 
1923 4313 
1924 4902 
1925 3318 
1926 4673 
1927 4442 
1928 4741 
1929 4913 
1930 4686 
1931 4971 
1932 4741 
1933 4948 
1934 4980 
1935 4712 
1936 3912 
1937 4474 
1938 4997 
1939 4897 
1940 4948 
1941 4837 
1942 4981 
1943 4948 
1944 4662 
1945 3120 
1946 4422 
1947 4521 
1948 4655 
1949 4964 
1950 4017 
1951 4853 
1952 4990 
1953 4767 
1954 4979 
1955 4980 
1956 4996 
1957 4521 3120 
1958 4822 
1959 4968 4422 4743 
1960 4906 
1961 4942 
1962 4971 
1963 4913 
1964 4913 
1965 4625 
1966 3912 4987 4937 4981 
1967 4398 
1968 4837 
1969 4744 
1970 4866 
1971 4960 
1972 4913 
1973 4963 3471 
1974 4662 
1975 4017 4779 4972 
1976 4724 
1977 4837 
1978 4618 
1979 4702 
1980 4835 
1981 4946 
1982 4967 
1983 4538 
1984 4835 
1985 4998 
1986 4586 
1987 4877 
1988 3471 
1989 4568 
1990 4593 
1991 4686 
1992 4568 
1993 4971 
1994 4903 
1995 4969 
1996 4743 
1997 4956 
1998 4969 
1999 4743 4728 4974 
2000 4975 4574 4944 
2001 4975 
2002 4877 
2003 4581 4428 4960 
2004 4625 
2005 4625 
2006 4953 
2007 4902 
2008 4937 
2009 4903 4961 4356 
2010 4970 
2011 4956 
2012 4733 
2013 3805 
2014 4968 
2015 4991 4625 
2016 4970 
2017 4656 4721 4840 
2018 4795 4975 4971 
2019 4980 
2020 4855 
2021 4422 
2022 4329 
2023 4581 
2024 4929 
2025 4581 
2026 4990 
2027 4850 
2028 4741 
2029 4725 
2030 4920 
2031 4950 
2032 4951 
2033 4797 
2034 4970 
2035 4737 
2036 4951 
2037 4986 
2038 4971 
2039 4951 
2040 4974 
2041 4586 4422 4627 
2042 4855 4990 
2043 4608 
2044 4957 
2045 4822 
2046 4724 4702 
2047 4887 
2048 4865 
2049 4521 
2050 4218 3955 
2051 4685 
2052 4986 
2053 4835 
2054 4516 
2055 4964 
2056 4356 4996 4883 
2057 4702 
2058 4951 4586 4844 
2059 4944 
2060 4990 
2061 4744 
2062 4795 
2063 4986 
2064 3273 
2065 4593 
2066 4990 
2067 4999 
2068 4923 4971 4708 4990 
2069 4883 
2070 4986 
2071 4855 4655 
2072 4844 
2073 4906 
2074 4606 
2075 4741 
2076 4662 
2077 4538 
2078 4825 
2079 4830 
2080 4830 
2081 4972 
2082 4970 
2083 3469 
2084 4855 
2085 4991 
2086 4997 
2087 4957 
2088 4830 
2089 4883 
2090 4979 
2091 4978 
2092 4428 4853 4887 
2093 4645 
2094 4967 
2095 4905 
2096 4256 
2097 4923 
2098 4867 
2099 4996 
2100 4877 
2101 4897 3850 
2102 4974 
2103 4980 
2104 4673 
2105 4584 
2106 4768 
2107 4741 
2108 4979 
2109 4998 
2110 4656 
2111 4829 
2112 4820 
2113 4993 
2114 4767 
2115 4767 
2116 4224 
2117 4974 
2118 4949 
2119 4903 
2120 4751 
2121 4963 
2122 4708 
2123 4655 
2124 4737 
2125 4724 
2126 4855 
2127 4956 
2128 3273 
2129 4797 
2130 4973 
2131 4978 
2132 4996 
2133 3273 
2134 4964 
2135 4978 
2136 3724 
2137 4685 
2138 4917 
2139 2592 4954 4702 
2140 4974 
2141 4608 2592 4883 
2142 4853 
2143 4741 
2144 4902 
2145 4844 
2146 4923 
2147 4979 
2148 4760 
2149 4431 
2150 4981 
2151 4625 
2152 4968 
2153 4973 
2154 4474 
2155 4743 
2156 4991 
2157 4929 
2158 4902 4422 4608 
2159 4956 
2160 4798 
2161 4867 
2162 3850 
2163 4929 
2164 4968 
2165 4593 
2166 4825 
2167 4625 
2168 4978 
2169 4313 3471 4998 4673 
2170 4881 
2171 4795 
2172 4980 
2173 4568 
2174 4616 
2175 4975 
2176 4968 
2177 4313 
2178 4721 
2179 4998 
2180 4970 
2181 4987 
2182 4521 
2183 4964 4850 4224 4741 
2184 4855 
2185 4877 
2186 4934 
2187 4950 
2188 4822 
2189 4329 
2190 4872 4881 4685 4835 
2191 4975 
2192 4872 
2193 4906 
2194 4751 
2195 4975 
2196 4853 
2197 4307 
2198 4627 
2199 4971 
2200 3120 
2201 4893 
2202 4224 
2203 4702 
2204 4934 
2205 4956 
2206 4798 
2207 4887 
2208 4581 
2209 4577 
2210 4964 
2211 4986 
2212 4615 
2213 4850 4721 
2214 4991 
2215 4406 
2216 4903 
2217 4702 
2218 4950 
2219 4967 
2220 4656 
2221 4702 4967 4997 
2222 3462 
2223 4971 
2224 3912 
2225 4964 
2226 4625 
2227 4964 
2228 4837 
2229 4942 4837 4823 4313 
2230 4883 
2231 4825 
2232 4974 
2233 4646 
2234 4779 
2235 4256 
2236 4867 
2237 4835 
2238 4979 
2239 4996 
2240 4673 
2241 4979 
2242 4934 
2243 4913 
2244 4422 
2245 4996 
2246 4932 
2247 4835 
2248 4627 
2249 4917 
2250 4986 
2251 4724 
2252 4987 
2253 4973 
2254 4980 
2255 4743 
2256 4850 4844 
2257 3120 4606 
2258 4872 
2259 4521 
2260 4999 4973 4975 
2261 4712 
2262 4646 4850 4428 4905 
2263 4697 
2264 4964 
2265 4913 
2266 4835 
2267 4656 
2268 4972 
2269 4820 
2270 4902 
2271 4964 
2272 4768 
2273 4655 
2274 4835 
2275 4978 
2276 4618 
2277 4902 
2278 4902 
2279 4855 
2280 4712 
2281 4934 
2282 4979 
2283 4993 
2284 4673 
2285 4835 
2286 4913 4887 3696 
2287 4951 4825 4993 
2288 4978 4313 4646 
2289 4970 
2290 4897 
2291 4645 
2292 4975 4313 4990 
2293 4875 
2294 4744 
2295 4892 
2296 4975 
2297 4981 
2298 4798 
2299 4618 
2300 4975 
2301 4356 
2302 4897 
2303 4256 3471 4708 
2304 4850 
2305 4969 
2306 4942 
2307 4741 
2308 4697 
2309 4887 
2310 4981 
2311 4887 
2312 4995 
2313 4951 4313 4686 4942 
2314 4822 
2315 4744 
2316 4975 
2317 4586 
2318 4987 4702 4897 4574 
2319 4979 
2320 4956 
2321 4574 
2322 4945 
2323 4954 
2324 4865 
2325 4431 
2326 4999 
2327 4993 4823 4929 4986 
2328 4887 
2329 4712 
2330 4776 
2331 4976 
2332 4960 
2333 4574 
2334 4582 
2335 4883 
2336 4855 
2337 4913 
2338 4913 
2339 4837 4686 4863 
2340 4835 4741 
2341 4021 3805 4987 
2342 4971 
2343 4767 
2344 4574 
2345 3120 
2346 4974 
2347 4656 
2348 4973 
2349 4982 
2350 4913 
2351 4538 
2352 4837 
2353 4795 
2354 4942 
2355 4741 
2356 3273 
2357 4662 
2358 4850 
2359 4608 
2360 4871 
2361 4902 
2362 3471 
2363 4996 
2364 4902 
2365 4893 
2366 4863 
2367 4708 
2368 4995 
2369 4981 
2370 4867 
2371 4835 4224 3955 4984 
2372 4608 
2373 4990 
2374 4850 
2375 4997 4516 4686 
2376 4949 
2377 4893 4993 4329 
2378 4897 
2379 4942 
2380 4776 4837 4655 
2381 4968 
2382 3120 
2383 4968 
2384 4929 
2385 4942 
2386 4963 
2387 4768 
2388 4923 
2389 4655 
2390 4998 
2391 4956 
2392 4837 4937 4978 
2393 4991 
2394 4568 
2395 4822 4741 4853 
2396 3955 
2397 3805 
2398 4972 
2399 4263 
2400 4871 
2401 4893 
2402 4875 
2403 4850 
2404 4934 4655 4708 4823 
2405 4976 
2406 4951 
2407 4877 2592 4224 4954 
2408 4877 
2409 4949 
2410 4821 
2411 4618 
2412 4655 
2413 4905 
2414 4986 
2415 4997 
2416 4865 
2417 4954 
2418 4776 
2419 4974 
2420 4998 4516 4686 
2421 4017 
2422 4975 
2423 4951 
2424 4702 
2425 4945 
2426 4991 
2427 4825 
2428 4902 
2429 4329 
2430 4398 
2431 4398 
2432 4920 
2433 4608 
2434 4867 
2435 4422 3120 
2436 4993 
2437 4877 
2438 4978 
2439 4997 
2440 4866 
2441 4627 
2442 4991 4975 4917 4662 
2443 4953 
2444 4582 
2445 3850 
2446 4646 
2447 3471 
2448 4744 
2449 4853 4937 4667 
2450 4913 4712 
2451 4991 
2452 4741 
2453 4937 
2454 4954 
2455 4655 
2456 4905 
2457 4256 
2458 4932 
2459 4963 
2460 3724 
2461 4673 
2462 4993 
2463 4798 
2464 4844 
2465 4963 
2466 4956 
2467 4646 
2468 4954 
2469 3471 
2470 4021 3850 4606 
2471 4795 
2472 4837 
2473 4942 4913 4993 
2474 4972 
2475 4743 
2476 4953 
2477 4986 
2478 3273 3469 
2479 4625 
2480 4951 
2481 4795 
2482 4905 
2483 4821 
2484 4903 
2485 4428 
2486 4980 
2487 4615 
2488 4627 
2489 3805 
2490 3724 
2491 4618 
2492 4867 
2493 4987 
2494 4969 
2495 4961 
2496 4021 
2497 4979 
2498 4980 
2499 4981 
2500 4837 
2501 4768 
2502 4945 
2503 4795 
2504 4844 
2505 4917 
2506 4743 
2507 3120 4974 
2508 4968 
2509 4961 
2510 4945 
2511 4987 
2512 4820 
2513 4923 
2514 4627 
2515 3696 
2516 4893 
2517 4474 
2518 4866 
2519 4398 
2520 4867 4725 4993 
2521 4929 4934 4702 4776 
2522 4574 4967 4913 4712 
2523 4625 
2524 4721 
2525 4967 
2526 4946 
2527 4996 
2528 3912 
2529 4625 
2530 4822 
2531 4942 
2532 4788 
2533 4957 
2534 4850 
2535 4584 
2536 4584 4853 4883 3471 4760 
2537 4837 
2538 4799 
2539 4944 
2540 4964 
2541 4998 
2542 4779 
2543 4835 
2544 4982 
2545 4942 
2546 4356 4708 3912 
2547 4398 
2548 4855 
2549 4887 
2550 4017 
2551 4944 
2552 4776 
2553 4887 4516 4776 4973 
2554 4625 
2555 4951 
2556 4697 
2557 4968 4948 4662 
2558 4892 4937 
2559 4406 
2560 4444 
2561 4883 
2562 4474 
2563 4625 
2564 4975 
2565 4945 
2566 4893 
2567 4971 
2568 4853 
2569 4685 
2570 4991 
2571 4937 
2572 4702 
2573 4976 
2574 4960 4313 4866 
2575 4799 
2576 4853 
2577 4968 
2578 4956 
2579 4944 
2580 4776 
2581 4991 
2582 4616 
2583 4788 
2584 4887 
2585 4822 
2586 4950 4877 4586 
2587 4844 
2588 4998 
2589 4881 
2590 4903 
2591 4974 
2592 2592 
2593 4913 3471 3724 4830 
2594 4618 
2595 4979 
2596 4953 
2597 4980 
2598 4913 
2599 4844 
2600 3471 
2601 4428 
2602 4865 
2603 4969 
2604 4951 4702 4844 4957 
2605 4855 
2606 4741 
2607 4970 4893 
2608 4521 
2609 4976 
2610 4712 
2611 4743 
2612 4830 
2613 4872 
2614 4830 
2615 4990 
2616 4997 
2617 4625 
2618 4606 
2619 4984 
2620 4872 
2621 4673 
2622 4875 
2623 4795 
2624 4853 4944 4401 4970 4993 
2625 4979 
2626 4866 
2627 4712 
2628 4017 
2629 4913 
2630 4685 
2631 4768 
2632 4224 4937 4686 
2633 4967 
2634 4951 
2635 4875 
2636 4872 
2637 4646 
2638 4944 
2639 4986 
2640 4893 
2641 4995 
2642 4893 
2643 4616 2592 
2644 3696 
2645 3696 
2646 3469 
2647 4820 
2648 4974 
2649 4951 
2650 4627 
2651 4997 4708 4887 4586 
2652 4887 
2653 4970 
2654 4256 
2655 4997 4877 
2656 4428 
2657 4982 
2658 4712 
2659 4981 
2660 4877 
2661 4953 
2662 4768 
2663 3471 4978 4608 4516 4406 
2664 4865 
2665 4937 
2666 4795 
2667 4976 
2668 4949 
2669 4837 
2670 4978 
2671 4422 
2672 3696 
2673 4516 4017 4923 4822 
2674 4256 
2675 4686 3120 4725 
2676 4582 
2677 4224 
2678 4673 
2679 4581 
2680 4867 
2681 4872 
2682 4934 
2683 4574 
2684 4920 
2685 4973 
2686 4853 
2687 4929 
2688 4724 
2689 4307 
2690 4996 4964 3469 4795 4990 
2691 4685 
2692 4584 
2693 4820 
2694 4984 
2695 4442 
2696 4963 
2697 4574 
2698 4963 
2699 4923 
2700 4855 
2701 4655 
2702 4950 
2703 4256 
2704 4744 
2705 4997 
2706 4997 
2707 4945 
2708 4256 
2709 3955 
2710 4474 
2711 4976 
2712 4835 
2713 4963 
2714 4866 
2715 4945 
2716 4538 
2717 4708 
2718 4356 
2719 4949 
2720 3469 
2721 4917 4991 4905 
2722 4767 3462 
2723 4975 
2724 4538 
2725 4897 
2726 4964 
2727 4733 
2728 4625 
2729 4978 4893 4797 
2730 4645 
2731 4721 
2732 4969 
2733 2592 
2734 4616 
2735 4946 
2736 4881 3471 
2737 4964 
2738 4822 
2739 4708 4741 
2740 4797 
2741 4970 
2742 4872 
2743 4969 
2744 4905 
2745 4964 
2746 4686 
2747 4906 
2748 4969 
2749 4942 
2750 3955 4934 
2751 4968 4975 4970 4646 
2752 4920 
2753 4582 
2754 4991 
2755 3120 4017 4799 
2756 4825 
2757 4655 
2758 4953 
2759 4741 
2760 4923 
2761 4892 
2762 4721 
2763 2592 4685 4733 
2764 4945 
2765 4991 4686 3696 
2766 4574 
2767 4877 4906 4741 4582 
2768 4978 
2769 4960 
2770 4744 
2771 4256 
2772 4967 
2773 4990 
2774 4795 
2775 4865 
2776 4975 
2777 3120 4702 4608 
2778 4702 
2779 4606 
2780 4881 
2781 4329 4893 4865 
2782 4950 
2783 4646 
2784 4996 
2785 4625 
2786 4743 
2787 4971 
2788 4979 
2789 4795 
2790 4967 
2791 4932 
2792 4307 
2793 4625 
2794 4646 
2795 4401 
2796 4991 
2797 4625 
2798 4944 
2799 4767 
2800 4218 
2801 4986 
2802 4855 
2803 4667 
2804 4850 
2805 4887 
2806 4853 
2807 4971 
2808 4974 
2809 4946 
2810 4975 3120 4645 4893 
2811 4850 
2812 4224 
2813 4593 
2814 4444 
2815 4850 
2816 4883 
2817 4964 
2818 4960 
2819 4867 
2820 4867 2820 
2821 4970 
2822 4263 
2823 4945 
2824 4821 
2825 4993 4887 4329 
2826 4963 
2827 4825 
2828 4844 
2829 4946 
2830 4948 
2831 4830 4996 4825 4829 
2832 4850 
2833 4954 4853 
2834 4776 
2835 4708 
2836 4993 
2837 4593 
2838 4913 
2839 4872 4776 4422 4995 
2840 4521 
2841 4444 
2842 4645 
2843 4968 
2844 4905 
2845 4954 
2846 4795 
2847 4942 
2848 4929 4957 4825 
2849 4997 
2850 4428 
2851 4975 
2852 4948 
2853 4586 
2854 4932 
2855 4945 
2856 4788 
2857 4855 
2858 4863 
2859 4946 
2860 4902 
2861 4964 
2862 3850 
2863 4950 
2864 4521 
2865 4963 
2866 4733 
2867 4969 
2868 4853 
2869 4968 
2870 4574 
2871 3805 
2872 4893 
2873 4902 
2874 4865 
2875 4823 
2876 4987 4307 4673 4853 
2877 4779 
2878 4967 
2879 4978 
2880 4969 
2881 4686 
2882 4853 4903 4991 4954 
2883 4795 
2884 4821 
2885 4971 
2886 4797 
2887 4946 
2888 4950 
2889 4840 
2890 4521 
2891 4991 
2892 4702 
2893 4951 
2894 4516 
2895 4883 
2896 4883 
2897 4980 
2898 4877 
2899 4877 
2900 4997 
2901 4708 
2902 4881 
2903 4830 
2904 4974 
2905 4949 
2906 4892 
2907 4837 3696 4998 
2908 4957 
2909 4656 
2910 4733 4593 4646 4883 
2911 4970 
2912 4521 
2913 4913 
2914 4961 
2915 4867 
2916 4917 
2917 4474 
2918 4991 
2919 4951 
2920 4937 
2921 4954 
2922 4953 
2923 4963 
2924 4951 
2925 4954 
2926 4902 
2927 4608 
2928 4981 
2929 4934 
2930 4406 
2931 4996 
2932 4932 
2933 4960 
2934 4581 
2935 4905 
2936 4951 4256 4887 
2937 4975 
2938 4521 
2939 4521 
2940 2940 
2941 4017 
2942 4741 
2943 4656 
2944 3462 
2945 4307 
2946 4618 
2947 4956 
2948 4645 
2949 4990 
2950 4850 
2951 4751 
2952 4799 
2953 4853 
2954 4978 4618 4991 4942 
2955 4934 
2956 4944 
2957 4685 
2958 4656 
2959 4945 
2960 4741 
2961 4625 
2962 4820 
2963 4872 
2964 4645 4974 4998 
2965 4973 
2966 4913 
2967 4307 
2968 4946 
2969 4673 
2970 4685 
2971 4608 
2972 4906 
2973 4853 
2974 4990 
2975 4516 
2976 4877 
2977 4721 
2978 4686 
2979 4976 
2980 4974 
2981 4987 
2982 4521 4893 
2983 4865 
2984 4877 
2985 4625 
2986 4973 
2987 4686 
2988 4256 4995 4978 
2989 4767 
2990 4866 
2991 4795 
2992 4963 
2993 4867 
2994 4967 
2995 4574 
2996 4993 
2997 4835 
2998 4737 
2999 4978 
3000 4795 
3001 4877 
3002 4577 
3003 3955 3850 4799 4685 
3004 4615 
3005 4920 
3006 4990 
3007 4741 
3008 4872 
3009 4263 4975 
3010 4929 
3011 4986 
3012 4721 
3013 4976 
3014 4971 
3015 4970 
3016 4998 
3017 4978 
3018 4995 
3019 4844 
3020 4997 
3021 4906 
3022 4963 
3023 4656 
3024 4850 
3025 4521 
3026 4946 
3027 4902 
3028 4975 
3029 3120 
3030 4733 
3031 4877 
3032 4615 
3033 4979 
3034 4923 
3035 4963 4991 4474 4866 4995 4844 
3036 4702 4996 4521 4821 4995 
3037 4685 4971 4993 
3038 4741 
3039 4844 
3040 4934 
3041 4887 4877 3120 4844 
3042 4986 
3043 4581 
3044 4673 
3045 4954 
3046 3318 
3047 3696 
3048 4969 
3049 4645 
3050 3471 
3051 4581 
3052 4474 
3053 4625 
3054 4982 
3055 4893 4656 4974 4685 
3056 4829 
3057 4902 
3058 4776 
3059 4685 4996 4724 
3060 4978 
3061 4021 4844 4917 4978 4964 4997 
3062 4883 
3063 4883 
3064 4877 
3065 4942 
3066 4760 
3067 4893 4920 4821 4972 
3068 4893 
3069 4913 
3070 4937 
3071 4667 
3072 4996 
3073 4686 4996 4897 
3074 4474 
3075 4581 
3076 4017 
3077 4708 
3078 4516 
3079 4961 
3080 4867 2820 
3081 4656 
3082 4224 
3083 3120 
3084 4767 
3085 4991 4608 4968 4967 
3086 4979 
3087 4656 
3088 4837 
3089 4615 
3090 4820 
3091 3120 
3092 4776 
3093 4422 
3094 4853 
3095 4972 
3096 4017 
3097 4837 
3098 4850 
3099 4970 
3100 4979 
3101 4971 
3102 4942 
3103 4956 
3104 4942 4982 3462 4893 3850 
3105 4017 
3106 4957 
3107 4978 
3108 4934 
3109 4702 
3110 4795 
3111 4974 
3112 4584 
3113 3462 
3114 4645 
3115 4837 
3116 4946 
3117 4990 
3118 4892 
3119 4744 
3120 3120 
3121 4995 
3122 4728 
3123 3273 3469 
3124 4865 
3125 4444 
3126 4656 
3127 3912 
3128 4840 
3129 4593 
3130 4797 
3131 4957 
3132 4646 
3133 4875 
3134 4708 
3135 4883 
3136 4967 
3137 4929 
3138 4963 
3139 4932 
3140 4902 
3141 4837 
3142 4835 
3143 4913 2592 
3144 4973 
3145 4980 
3146 4593 
3147 4990 
3148 4956 
3149 4968 
3150 4902 
3151 1411 4923 
3152 4881 
3153 4997 
3154 4767 
3155 4957 
3156 4961 
3157 4797 
3158 4937 
3159 4987 
3160 4991 
3161 4875 
3162 4760 
3163 4263 
3164 4428 
3165 4708 
3166 4625 
3167 4993 
3168 4820 
3169 4608 
3170 4398 
3171 4964 
3172 4444 
3173 4877 
3174 4905 4929 
3175 4951 
3176 4686 4872 4516 
3177 4887 
3178 4872 
3179 4401 
3180 4820 
3181 4980 4934 4313 4776 
3182 4741 
3183 4975 
3184 4950 
3185 4949 
3186 4760 
3187 4997 
3188 4950 
3189 4970 
3190 4837 
3191 4686 
3192 4995 4431 4674 4997 
3193 4978 
3194 3955 
3195 4948 
3196 3955 
3197 4741 4795 4995 
3198 4606 
3199 4987 
3200 4708 
3201 4431 
3202 4516 
3203 4970 
3204 4724 
3205 4953 
3206 4608 
3207 4881 
3208 3120 
3209 4751 
3210 4855 
3211 4625 
3212 4950 
3213 4893 
3214 4979 
3215 4948 
3216 4263 
3217 4934 
3218 4474 
3219 4942 
3220 4871 
3221 4971 
3222 4582 4428 4937 4743 4969 
3223 4991 
3224 4618 
3225 4645 
3226 4996 
3227 4822 
3228 4975 
3229 4844 
3230 4981 
3231 4903 
3232 4835 
3233 3696 
3234 4964 
3235 4581 
3236 4987 
3237 4313 
3238 4975 
3239 4893 
3240 4883 
3241 4830 
3242 4954 
3243 4951 
3244 4608 
3245 4795 
3246 4574 
3247 4776 
3248 4956 
3249 4743 4702 4975 4608 4993 
3250 4871 
3251 4987 3955 
3252 4913 4872 4971 4606 
3253 4974 
3254 4877 
3255 4686 4516 4767 3462 4990 
3256 4968 
3257 4950 
3258 4951 
3259 3805 4708 4946 4944 
3260 4942 
3261 4967 
3262 4897 
3263 4881 
3264 4944 
3265 4997 
3266 4964 3724 4685 
3267 4937 
3268 4721 
3269 4913 
3270 4795 
3271 4584 
3272 4942 4521 3724 
3273 3273 
3274 4741 4708 4733 4991 
3275 4795 
3276 4956 
3277 4997 4767 4760 
3278 4969 
3279 4971 
3280 4978 
3281 4997 
3282 4844 
3283 4990 
3284 4342 4021 4724 4799 
3285 4970 
3286 4954 
3287 4950 
3288 4892 
3289 4934 
3290 4218 3318 4883 
3291 4608 
3292 4995 
3293 4972 
3294 4999 
3295 4863 
3296 4902 
3297 4945 
3298 4956 
3299 4584 4645 3912 
3300 4708 
3301 4969 
3302 4944 4997 4887 4741 
3303 4978 
3304 4949 
3305 4645 
3306 4741 
3307 4616 
3308 4970 
3309 4937 
3310 4967 
3311 4741 4656 4923 4979 
3312 4903 
3313 3120 
3314 4728 
3315 4776 
3316 4853 
3317 4724 
3318 3318 
3319 4946 
3320 4863 
3321 4913 
3322 4981 
3323 4855 
3324 4932 
3325 4981 
3326 4964 4855 4618 4968 4972 
3327 4356 
3328 4581 
3329 4991 
3330 4982 
3331 4667 
3332 3462 
3333 2592 
3334 4917 
3335 4980 
3336 2940 3850 4949 
3337 4953 
3338 4795 
3339 4721 
3340 4017 
3341 4954 
3342 4725 
3343 4823 
3344 4779 
3345 4913 
3346 4881 
3347 4422 
3348 4883 
3349 4776 
3350 4667 
3351 4218 
3352 4948 
3353 4996 
3354 4853 
3355 4969 
3356 4743 
3357 4937 
3358 4942 
3359 4656 
3360 4883 
3361 4625 
3362 4850 
3363 4686 
3364 4329 
3365 4984 
3366 4431 
3367 4662 
3368 4917 
3369 4969 
3370 4982 
3371 4224 
3372 4976 
3373 4574 
3374 4999 3912 4887 4646 
3375 4586 
3376 4934 
3377 4743 
3378 4906 
3379 4686 
3380 4673 
3381 4422 
3382 4584 
3383 4406 
3384 4853 
3385 4625 
3386 4568 
3387 4964 
3388 4837 
3389 4981 
3390 4830 
3391 4685 
3392 4431 
3393 4822 
3394 4976 
3395 4431 4737 4797 4674 4975 
3396 4799 
3397 4968 
3398 4993 
3399 4877 4997 4964 4645 
3400 4398 
3401 4853 
3402 4615 
3403 4307 
3404 4945 
3405 4997 
3406 4760 
3407 4968 
3408 4798 
3409 4986 
3410 4329 
3411 4996 
3412 4942 
3413 4017 
3414 4917 
3415 4673 
3416 4853 
3417 4608 
3418 2592 
3419 4982 
3420 4712 
3421 4951 
3422 4582 
3423 4872 
3424 4972 
3425 4963 
3426 4733 
3427 3318 4820 4975 4797 4823 4875 
3428 4993 
3429 4969 
3430 4998 
3431 4830 
3432 4951 
3433 4968 
3434 4307 
3435 4953 
3436 4968 
3437 4712 
3438 4964 
3439 4263 
3440 4853 
3441 4893 
3442 4724 
3443 4956 
3444 4960 
3445 4934 
3446 4398 
3447 4656 
3448 4844 
3449 4945 
3450 4712 
3451 4975 
3452 3471 
3453 4929 
3454 4872 
3455 4923 
3456 4855 
3457 4917 
3458 4987 
3459 4969 
3460 4986 
3461 4993 
3462 3462 
3463 4964 
3464 4986 
3465 4608 
3466 4837 
3467 4686 4728 4329 
3468 4712 
3469 3273 3469 
3470 3120 4608 4875 4956 4982 
3471 3471 
3472 4902 
3473 4902 
3474 4422 
3475 3912 
3476 4625 
3477 4990 
3478 4960 
3479 4686 
3480 4401 
3481 4949 
3482 4401 
3483 4645 
3484 4788 
3485 4883 
3486 4913 
3487 4830 
3488 4987 
3489 4970 
3490 4608 
3491 4960 
3492 4743 
3493 4616 
3494 4948 
3495 4944 
3496 4741 
3497 3696 
3498 4474 
3499 4969 
3500 4797 
3501 4978 4656 3805 4582 4972 4835 4987 
3502 4820 
3503 4903 
3504 4521 
3505 4741 
3506 4431 
3507 4979 
3508 4516 
3509 3120 
3510 4964 
3511 4822 
3512 4733 
3513 4581 
3514 4724 
3515 4944 
3516 4538 
3517 4615 
3518 4444 
3519 4741 
3520 4428 
3521 4593 
3522 4741 
3523 4656 
3524 4913 
3525 4954 
3526 4822 
3527 4875 
3528 4581 
3529 4837 
3530 4963 
3531 4982 
3532 4944 
3533 4779 
3534 4721 4853 4823 4980 
3535 4897 
3536 4830 
3537 4956 
3538 4442 
3539 4976 
3540 4986 
3541 4951 
3542 3805 
3543 4961 
3544 4017 
3545 4712 
3546 4776 
3547 4837 
3548 4984 
3549 4581 
3550 4980 
3551 4987 
3552 4224 
3553 4398 
3554 4820 
3555 4586 
3556 4969 
3557 4779 
3558 4973 
3559 4224 
3560 4855 4871 4956 
3561 4708 4224 3724 
3562 4615 
3563 4978 
3564 4521 
3565 4951 
3566 4017 
3567 4956 
3568 4708 
3569 4708 
3570 4954 
3571 4474 
3572 4993 
3573 4685 
3574 4883 
3575 4582 
3576 4431 
3577 4627 4521 4743 4313 
3578 4797 
3579 4574 
3580 4608 
3581 4645 
3582 4798 
3583 4987 
3584 4356 
3585 3696 
3586 4795 
3587 4779 
3588 4656 
3589 4795 
3590 3955 
3591 4825 
3592 4776 
3593 4655 
3594 4973 
3595 4728 4725 4963 4945 
3596 4996 
3597 4964 4969 4877 4795 3805 4979 
3598 4797 
3599 4942 
3600 4917 
3601 4961 
3602 4853 
3603 4686 
3604 4830 4741 4825 4593 4906 4799 4956 
3605 4871 
3606 4645 
3607 4655 
3608 4976 
3609 4795 
3610 4708 
3611 4944 
3612 4887 
3613 4971 
3614 4702 
3615 4957 
3616 3462 
3617 4996 
3618 4795 
3619 4615 
3620 4946 
3621 4474 
3622 4923 
3623 4968 
3624 4881 
3625 4855 
3626 4574 
3627 4406 
3628 4956 
3629 4984 
3630 4968 
3631 4964 
3632 4969 
3633 4967 4702 4820 4892 
3634 4913 4686 
3635 4741 
3636 4662 
3637 4920 
3638 4893 
3639 4893 
3640 4975 4776 4913 
3641 4998 
3642 4733 
3643 4697 4975 4875 4574 
3644 4428 
3645 4263 
3646 4823 
3647 4979 
3648 4867 
3649 4799 
3650 4937 
3651 4702 
3652 4795 
3653 4961 
3654 4913 
3655 4963 4954 4724 
3656 4574 
3657 4835 
3658 4581 
3659 4474 4887 4646 4821 4820 4973 
3660 4655 
3661 4724 
3662 4608 
3663 3912 
3664 4883 
3665 4902 
3666 4991 
3667 4893 3850 
3668 4991 
3669 4903 
3670 4990 
3671 4686 
3672 4999 
3673 4957 
3674 4655 
3675 4991 
3676 4964 
3677 4724 
3678 4964 
3679 3120 4867 4702 4968 4875 4972 4981 
3680 4993 
3681 4996 
3682 4913 
3683 4960 
3684 4721 
3685 4645 4897 
3686 4686 
3687 4942 
3688 4903 
3689 4991 
3690 4865 
3691 4655 
3692 4835 
3693 4686 
3694 4893 
3695 4913 
3696 3696 
3697 4980 
3698 4867 
3699 4820 
3700 4971 
3701 4960 
3702 4934 
3703 4978 
3704 4256 
3705 4887 
3706 4798 
3707 4702 
3708 3318 
3709 4795 
3710 4256 
3711 3696 4942 4667 
3712 4975 
3713 4021 
3714 4795 
3715 4956 
3716 4970 
3717 4993 
3718 4950 
3719 4593 
3720 4853 
3721 4760 
3722 4964 
3723 4616 
3724 3724 
3725 4593 4263 4902 
3726 4737 
3727 4356 
3728 4995 
3729 4960 
3730 4708 
3731 4329 
3732 4951 
3733 4618 
3734 4905 
3735 4975 4224 
3736 4724 
3737 4902 
3738 4685 4853 4844 4964 
3739 4934 
3740 4724 
3741 4950 
3742 4978 
3743 4995 
3744 4991 
3745 4971 
3746 4948 
3747 4968 
3748 4865 
3749 4837 
3750 4538 
3751 4442 
3752 4474 
3753 4946 
3754 3724 
3755 4897 
3756 4993 
3757 4625 
3758 4760 
3759 4581 
3760 4975 4795 4702 
3761 4627 
3762 4937 
3763 4875 
3764 4887 
3765 4976 
3766 4942 4995 
3767 4993 
3768 4616 
3769 4897 
3770 4934 
3771 4724 
3772 4980 
3773 4568 
3774 4840 
3775 4902 
3776 4957 
3777 4937 
3778 4991 
3779 4991 
3780 4877 4224 4887 4903 4942 4974 
3781 4982 
3782 4954 
3783 4902 4712 4976 2592 4593 4968 4577 
3784 4581 
3785 4875 
3786 4905 
3787 4903 
3788 4521 
3789 3462 
3790 4586 
3791 4855 
3792 4795 
3793 4942 
3794 4954 
3795 4892 
3796 4741 
3797 4741 
3798 4712 
3799 4871 
3800 4825 
3801 4991 
3802 4993 
3803 4993 
3804 3469 
3805 3805 
3806 4948 
3807 4850 
3808 4625 
3809 4960 
3810 3912 
3811 4987 
3812 4997 
3813 4721 
3814 4788 
3815 4981 
3816 4702 
3817 4954 
3818 4961 
3819 4972 
3820 4902 
3821 4667 
3822 4972 
3823 4956 
3824 4021 
3825 4913 
3826 4993 
3827 4920 
3828 4667 
3829 4995 
3830 4872 
3831 4615 
3832 4964 
3833 4981 
3834 4608 
3835 4906 
3836 4972 
3837 4902 
3838 4825 
3839 4964 
3840 4990 
3841 4893 
3842 4956 
3843 4996 
3844 3318 4401 4903 4951 
3845 4969 
3846 4608 4995 
3847 4697 
3848 4972 
3849 4960 
3850 3850 
3851 4820 
3852 4917 
3853 4893 
3854 4721 4224 
3855 4867 
3856 4883 
3857 4797 
3858 4996 4995 4934 
3859 4967 4329 
3860 4855 
3861 4356 
3862 4593 
3863 4850 
3864 4760 
3865 4218 
3866 4999 
3867 4951 
3868 4593 
3869 4865 
3870 4887 
3871 4881 
3872 4951 
3873 4702 
3874 4929 
3875 4724 
3876 4995 
3877 3805 4954 
3878 4984 
3879 4655 
3880 3120 
3881 4881 
3882 4897 
3883 4981 
3884 4855 
3885 4996 
3886 4917 
3887 4721 
3888 4398 
3889 4853 
3890 4428 
3891 4768 
3892 4964 
3893 4956 4866 
3894 4521 
3895 3120 4829 4779 
3896 4779 
3897 4917 
3898 4224 
3899 4892 
3900 4976 
3901 4708 
3902 4021 
3903 4627 
3904 4474 
3905 4872 
3906 4825 
3907 4606 
3908 4538 3471 4606 4972 
3909 4968 
3910 4708 
3911 4356 4708 4995 4982 
3912 3912 
3913 4970 
3914 4934 
3915 4224 
3916 4442 
3917 4313 4975 4986 4923 4964 4951 
3918 4725 
3919 4949 
3920 4872 
3921 4905 
3922 4984 
3923 4584 
3924 4767 
3925 4902 
3926 4945 
3927 4741 
3928 4776 
3929 4971 
3930 4798 
3931 4976 
3932 4608 
3933 4724 4615 4667 4954 4999 
3934 4743 
3935 4893 
3936 4917 
3937 4953 
3938 4937 
3939 4986 
3940 4627 
3941 4998 
3942 4929 
3943 4516 
3944 4963 
3945 4760 
3946 4913 4686 4923 
3947 4902 
3948 4444 
3949 4795 
3950 4934 
3951 4844 
3952 4954 
3953 4946 
3954 4835 
3955 3955 
3956 4917 
3957 4581 
3958 4968 
3959 3805 4625 
3960 4906 
3961 4897 
3962 4871 
3963 4776 
3964 4685 
3965 4655 
3966 4844 
3967 4702 
3968 4906 
3969 4829 
3970 4877 
3971 4875 
3972 4945 
3973 4975 
3974 4263 
3975 4853 
3976 4987 
3977 4830 
3978 4516 
3979 4866 
3980 4830 
3981 4224 
3982 4307 
3983 4991 
3984 4934 
3985 4712 4893 4967 
3986 4875 
3987 4625 
3988 4593 
3989 4887 4987 
3990 4913 4844 4999 
3991 4850 
3992 4850 
3993 4897 4999 
3994 4964 
3995 4984 
3996 4875 
3997 4942 
3998 4798 
3999 4995 4999 
4000 4954 
4001 4850 4820 4586 
4002 4837 
4003 4725 
4004 4702 
4005 4971 
4006 4937 
4007 4799 
4008 4944 
4009 4855 
4010 4853 
4011 4942 
4012 4999 
4013 4980 
4014 4971 
4015 4971 
4016 4406 
4017 4017 
4018 3120 
4019 4821 
4020 4697 
4021 4021 
4022 4593 
4023 4645 
4024 4906 
4025 4953 
4026 4867 
4027 4995 
4028 4431 
4029 4776 
4030 4574 
4031 4946 
4032 4982 
4033 4970 
4034 4905 
4035 4581 
4036 4954 
4037 4743 
4038 4721 
4039 4913 4820 4946 4986 
4040 4877 
4041 4422 
4042 4743 
4043 4998 
4044 4950 
4045 4986 
4046 4972 
4047 4887 
4048 4820 
4049 4913 
4050 4837 
4051 4905 
4052 4950 
4053 4920 
4054 4516 
4055 4973 
4056 4871 
4057 4964 
4058 4893 
4059 4866 
4060 4329 
4061 4627 
4062 4645 
4063 4995 
4064 4937 
4065 4422 
4066 4840 
4067 4995 
4068 4968 
4069 4307 
4070 4932 
4071 4905 
4072 4967 
4073 4944 
4074 4973 
4075 4820 
4076 4968 
4077 4964 4835 4991 4951 
4078 4954 
4079 4903 
4080 4987 
4081 4997 
4082 4474 
4083 4867 
4084 4685 4686 4979 
4085 4329 
4086 4942 
4087 4979 
4088 4960 
4089 4954 
4090 4872 
4091 4820 
4092 4850 
4093 4990 
4094 4615 
4095 3462 
4096 4702 
4097 4990 
4098 4797 
4099 4850 
4100 4224 4998 4976 
4101 4999 
4102 4979 
4103 4581 
4104 4881 
4105 4975 
4106 4920 
4107 4887 
4108 4986 
4109 4960 
4110 4877 
4111 4625 
4112 4581 
4113 3805 
4114 4887 
4115 4724 
4116 4516 
4117 4990 
4118 4923 
4119 4779 4942 4979 4991 
4120 4902 
4121 4645 
4122 4667 
4123 4474 
4124 4724 3273 4970 4743 4976 
4125 4937 
4126 4967 
4127 4798 
4128 4673 
4129 4795 
4130 4582 
4131 4970 
4132 4581 
4133 4929 
4134 4823 
4135 4872 
4136 4990 
4137 4969 
4138 4516 
4139 4797 
4140 4625 
4141 4986 
4142 4903 4971 4645 4830 4991 
4143 4724 
4144 4975 
4145 4615 
4146 4999 
4147 4963 
4148 4608 
4149 4581 
4150 4997 
4151 4837 
4152 4968 
4153 4574 
4154 4820 
4155 4883 
4156 4721 
4157 4950 
4158 4967 
4159 4728 
4160 4568 
4161 4574 
4162 4702 
4163 4307 
4164 4751 
4165 4932 
4166 4903 
4167 4795 4996 4686 
4168 3469 3273 
4169 4760 
4170 4881 
4171 4893 
4172 4917 
4173 4897 4795 4744 
4174 4960 
4175 4616 
4176 4996 
4177 4979 
4178 4932 
4179 4724 
4180 4721 
4181 4937 
4182 3318 
4183 4993 4995 4997 
4184 4767 
4185 4881 
4186 4969 
4187 4844 
4188 4975 
4189 4538 
4190 4627 
4191 4821 
4192 4307 
4193 4968 
4194 4986 
4195 3955 
4196 4615 
4197 4850 4708 4645 4995 4872 
4198 4823 
4199 4995 
4200 4702 4837 4984 4972 
4201 4850 
4202 4950 
4203 4945 
4204 4987 
4205 4795 
4206 4987 4984 4974 
4207 4760 
4208 4823 
4209 4820 
4210 4979 4820 4986 4990 
4211 4618 4972 4708 
4212 4741 
4213 4950 
4214 4422 
4215 3462 4329 4855 4737 
4216 4944 
4217 4883 
4218 4218 
4219 4697 
4220 4840 
4221 4829 
4222 4581 
4223 4582 
4224 4224 
4225 4991 
4226 4329 
4227 4867 
4228 4702 
4229 4795 
4230 4697 
4231 4615 
4232 4797 
4233 4877 
4234 4872 
4235 4840 
4236 4986 
4237 4945 
4238 4984 
4239 4997 
4240 4991 4577 4776 4881 4768 
4241 4998 4960 4625 4953 4990 
4242 4733 
4243 4897 
4244 4797 
4245 4881 
4246 4823 
4247 4760 
4248 4608 
4249 4887 4942 4997 4422 4953 
4250 4945 
4251 4724 
4252 4998 
4253 4960 
4254 4574 
4255 4905 
4256 4256 
4257 4902 
4258 4913 
4259 4741 
4260 4329 
4261 4893 
4262 4406 
4263 4263 
4264 4976 
4265 4913 
4266 4521 
4267 4686 4980 4741 4967 4974 
4268 4957 
4269 4821 
4270 4725 
4271 4799 
4272 4950 
4273 4881 
4274 4581 
4275 3462 
4276 4872 
4277 4957 
4278 4954 
4279 4893 
4280 4883 
4281 4840 
4282 4913 
4283 4820 
4284 4942 
4285 4398 
4286 4923 
4287 4883 
4288 4973 
4289 4963 
4290 4702 4516 4929 4867 
4291 4581 
4292 4981 
4293 4906 
4294 4987 
4295 4978 4606 4825 4820 
4296 4760 4964 4865 4990 
4297 4767 4256 4881 4950 4743 
4298 4893 
4299 4741 
4300 4615 
4301 4945 
4302 4929 
4303 4969 
4304 4934 
4305 4993 
4306 4615 
4307 4307 
4308 4728 
4309 4954 
4310 4997 
4311 4673 
4312 2592 4881 4685 4582 4950 4987 
4313 4313 
4314 4820 
4315 4871 
4316 4581 
4317 4855 
4318 4442 
4319 4945 
4320 4853 
4321 4702 
4322 4996 
4323 4795 
4324 4581 
4325 4840 
4326 4993 
4327 4855 
4328 4823 
4329 4329 
4330 4971 
4331 4980 
4332 4946 
4333 4855 
4334 4872 
4335 4837 
4336 4581 4975 3471 4218 4516 4625 
4337 4995 
4338 4431 3120 4887 4844 4963 
4339 4685 
4340 4979 4850 4625 4829 
4341 4979 4474 4976 4998 4929 4999 
4342 4934 
4343 4893 
4344 4954 
4345 4972 
4346 4422 
4347 4625 
4348 4615 
4349 4978 
4350 4976 
4351 4627 
4352 4937 
4353 4875 
4354 4953 
4355 4981 
4356 4356 
4357 4920 
4358 4844 
4359 4948 
4360 4937 
4361 4795 
4362 4920 
4363 3471 
4364 4990 4224 4975 4987 4950 4984 
4365 4902 
4366 4945 
4367 4581 
4368 4702 
4369 4616 
4370 4993 
4371 4990 
4372 4932 
4373 4625 
4374 4837 4844 4422 4944 4645 4964 
4375 4982 
4376 4855 
4377 4708 
4378 4960 
4379 4850 
4380 4744 
4381 4608 
4382 4724 
4383 4767 4820 4708 4431 4401 4627 
4384 4969 
4385 4840 
4386 4986 
4387 4999 4586 4954 4993 4957 
4388 4721 
4389 4017 
4390 4917 
4391 4820 
4392 4741 
4393 4954 
4394 4893 
4395 4902 
4396 4956 
4397 4937 
4398 4398 
4399 4853 
4400 4422 
4401 4401 
4402 4970 
4403 4982 
4404 4712 
4405 4893 
4406 4406 
4407 3850 
4408 4855 
4409 4956 
4410 4712 
4411 4615 
4412 4991 
4413 4964 
4414 4972 
4415 4937 
4416 4954 
4417 4822 4406 4887 4905 4865 4984 4978 
4418 4945 
4419 4256 4967 4976 4979 4974 
4420 4905 
4421 4627 
4422 4422 
4423 4837 
4424 3120 
4425 4702 4979 4398 4820 4743 4974 
4426 4702 
4427 4902 
4428 4428 
4429 4964 
4430 4741 
4431 4431 
4432 4982 
4433 4995 
4434 4971 
4435 4830 
4436 4968 
4437 4903 
4438 4969 
4439 4996 
4440 4871 
4441 4902 
4442 4442 
4443 4850 
4444 4444 
4445 4584 
4446 4956 4017 4937 4982 4906 4968 
4447 4877 
4448 4980 
4449 4980 
4450 4913 4993 4686 4743 4951 4830 4875 
4451 4685 
4452 4881 
4453 4976 
4454 4686 
4455 4932 
4456 4850 3724 4993 4751 4963 4961 
4457 4996 
4458 4685 
4459 4329 
4460 4581 
4461 4995 
4462 4969 
4463 4616 
4464 4970 
4465 4997 
4466 4920 
4467 4929 
4468 4743 
4469 4823 
4470 4971 
4471 4779 
4472 4881 
4473 4920 
4474 4474 
4475 4744 
4476 4984 
4477 4829 
4478 4822 
4479 4942 
4480 4844 
4481 4865 
4482 4903 
4483 4917 
4484 4920 
4485 4956 
4486 4913 
4487 4905 
4488 4937 
4489 4970 
4490 4998 
4491 4913 
4492 4961 
4493 4724 
4494 4957 
4495 4906 
4496 4964 
4497 4608 
4498 4574 
4499 4797 
4500 4934 
4501 4979 
4502 4667 
4503 4733 
4504 4737 
4505 4906 
4506 4987 4674 4307 4978 4708 4971 
4507 4721 
4508 4422 
4509 4951 
4510 4829 
4511 4627 
4512 4913 
4513 4964 
4514 4973 
4515 4776 
4516 4516 
4517 4986 
4518 4521 4893 4850 4986 4586 4751 
4519 4942 4313 3912 4991 4751 4956 
4520 4979 
4521 4521 
4522 4942 
4523 4872 4615 4953 4743 4974 4892 
4524 4953 
4525 4923 
4526 4953 
4527 4593 
4528 4887 
4529 4887 4686 4474 4444 4942 4667 4951 
4530 4442 
4531 4865 
4532 4998 
4533 4971 
4534 4942 
4535 4979 4998 4673 4725 4821 4981 
4536 4702 
4537 4902 
4538 4538 
4539 4883 
4540 4906 
4541 4975 
4542 4625 
4543 4979 
4544 4967 
4545 4976 
4546 4521 
4547 4902 
4548 4968 
4549 4961 4953 4593 4586 4963 4973 
4550 4625 
4551 4951 
4552 4953 
4553 4993 4951 4964 4982 4741 4865 
4554 4593 4942 4897 4902 4991 
4555 4728 
4556 4844 4881 4995 4972 4906 4788 
4557 4744 
4558 4768 
4559 4986 
4560 4980 
4561 4867 
4562 4593 4581 4953 4702 4978 4627 4917 
4563 4656 
4564 4903 4844 3805 4608 4616 4956 4945 
4565 4584 
4566 3696 4956 4581 4799 4996 4982 
4567 4606 
4568 4568 
4569 4853 4017 4905 4951 4871 4999 
4570 4574 
4571 4725 
4572 4712 
4573 4949 
4574 4574 
4575 4990 
4576 4867 
4577 4577 
4578 4844 
4579 4976 
4580 4971 4708 4905 4829 4950 4948 4850 
4581 4581 
4582 4582 
4583 4821 
4584 4584 
4585 4902 
4586 4586 
4587 4961 
4588 4574 4830 4820 4799 4442 4970 4969 
4589 4712 
4590 4978 
4591 4844 
4592 4950 
4593 4593 
4594 4913 4953 4976 4218 4830 4920 
4595 4830 
4596 4823 
4597 4978 
4598 4963 
4599 4934 
4600 4829 
4601 4744 
4602 4760 
4603 4913 
4604 4685 
4605 4923 
4606 4606 
4607 4974 4795 4743 4978 4744 4920 
4608 4608 
4609 4946 4685 4971 4825 4875 4712 4990 
4610 4902 
4611 4953 
4612 4978 
4613 4768 
4614 4982 
4615 4615 
4616 4616 
4617 4795 
4618 4618 
4619 4987 
4620 4830 
4621 4702 
4622 4950 
4623 4953 
4624 4954 
4625 4625 
4626 4656 
4627 4627 
4628 4949 
4629 4956 
4630 4721 4574 4853 4850 4997 4844 4932 
4631 4840 
4632 4616 
4633 3724 
4634 4954 
4635 4932 
4636 4929 
4637 4902 
4638 4883 
4639 4984 
4640 4942 
4641 4625 
4642 4995 
4643 4708 
4644 4853 
4645 4645 
4646 4646 
4647 4990 
4648 4991 
4649 4964 
4650 4982 
4651 4581 
4652 4976 
4653 4708 
4654 4944 
4655 4655 
4656 4656 
4657 4877 4474 4615 4970 4568 4616 
4658 4953 
4659 4733 
4660 4923 
4661 4779 
4662 4662 4990 
4663 4991 
4664 4625 
4665 4993 
4666 4956 
4667 4667 
4668 4995 
4669 4971 
4670 4953 
4671 4877 
4672 4893 4329 4768 4974 4999 
4673 4673 
4674 4674 4608 
4675 4702 3696 4987 4972 4906 4883 4853 
4676 4823 
4677 4844 
4678 4995 
4679 4768 
4680 4835 
4681 4788 
4682 4942 
4683 4840 
4684 4976 
4685 4685 
4686 4686 
4687 4835 
4688 4625 
4689 4957 
4690 4586 
4691 4625 
4692 4751 
4693 4991 
4694 4990 
4695 4999 
4696 4950 
4697 4697 
4698 4875 
4699 4741 
4700 4875 
4701 3955 4577 4883 4822 4981 
4702 4702 
4703 4743 
4704 4655 
4705 4581 4584 4968 4897 4942 4987 
4706 4968 
4707 4950 
4708 4708 
4709 4893 
4710 4837 
4711 4951 
4712 4712 
4713 4978 
4714 4942 
4715 4702 
4716 4948 
4717 4686 4971 4902 4881 4883 4970 
4718 4993 4970 4995 4944 4830 4984 4863 
4719 4944 4646 4987 4913 4865 4902 4978 
4720 4978 4979 4971 4972 4875 4712 4951 
4721 4721 
4722 4946 
4723 4948 
4724 4724 
4725 4725 
4726 4956 
4727 4954 
4728 4728 
4729 4913 
4730 4586 4913 4218 4975 4428 4980 4867 
4731 4712 
4732 4893 4998 4618 4954 4850 4945 4902 
4733 4733 
4734 4743 
4735 4721 
4736 4906 
4737 4737 
4738 4751 
4739 4866 
4740 4991 
4741 4741 
4742 4797 
4743 4743 
4744 4744 
4745 4956 
4746 4875 
4747 4866 
4748 4991 
4749 4893 
4750 4875 
4751 4751 
4752 4855 
4753 4797 
4754 4850 
4755 4795 
4756 4972 
4757 4974 
4758 4996 4997 
4759 4017 4867 4971 4646 4990 4954 4979 
4760 4760 
4761 4944 4877 3469 4776 4975 4969 4906 
4762 4920 
4763 4863 
4764 4984 
4765 4892 
4766 4970 
4767 4767 
4768 4768 
4769 4867 
4770 4906 
4771 4996 4974 4850 4656 4944 4942 4820 4981 
4772 4991 
4773 4883 
4774 4798 
4775 4932 
4776 4776 
4777 4795 
4778 4905 
4779 4779 
4780 4963 
4781 4969 
4782 4956 
4783 4821 
4784 4724 
4785 4853 
4786 4844 
4787 4866 
4788 4788 
4789 4942 
4790 4964 
4791 4996 
4792 4627 
4793 4737 
4794 4431 4975 4581 4853 4875 4574 4979 
4795 4795 
4796 4685 4788 4606 4986 4956 4867 4733 
4797 4797 
4798 4798 
4799 4799 
4800 4881 
4801 4934 
4802 4969 
4803 4674 4946 4867 4655 4593 4776 4945 
4804 4991 
4805 4674 4702 4979 4606 4974 4980 4950 
4806 4795 
4807 4995 
4808 4917 
4809 4855 
4810 4972 
4811 4902 
4812 4865 
4813 4844 
4814 4970 
4815 4913 
4816 4950 
4817 4017 4980 4702 4991 3462 4913 4751 
4818 4844 
4819 4577 3120 4923 4893 4892 4997 4795 
4820 4820 
4821 4821 
4822 4822 
4823 4823 
4824 4993 
4825 4825 
4826 4902 
4827 4950 
4828 4979 
4829 4829 
4830 4830 
4831 4538 4608 4823 4830 4920 4829 4948 
4832 4863 
4833 4976 
4834 4516 
4835 4835 
4836 4968 
4837 4837 
4838 4970 
4839 4993 4998 4516 4972 4893 4990 
4840 4840 
4841 4625 
4842 4830 
4843 4956 
4844 4844 
4845 4960 
4846 4956 
4847 4957 
4848 4872 
4849 4953 
4850 4850 
4851 4893 
4852 4969 
4853 4853 
4854 4627 4967 4776 4975 4656 4990 4737 
4855 4855 
4856 4844 
4857 4951 
4858 4954 
4859 4996 
4860 4990 
4861 4934 
4862 4950 
4863 4863 
4864 4934 
4865 4865 
4866 4866 
4867 4867 
4868 4981 
4869 4954 
4870 4883 4996 4967 4980 4968 4971 
4871 4871 
4872 4872 
4873 4978 
4874 4987 
4875 4875 
4876 4892 
4877 4877 
4878 4987 
4879 4993 
4880 4844 
4881 4881 
4882 4975 
4883 4883 
4884 4948 
4885 4917 4767 4256 4685 4990 4724 4960 
4886 4795 
4887 4887 
4888 4944 
4889 4961 
4890 4923 4877 4897 4822 4751 4892 
4891 4979 
4892 4892 
4893 4893 
4894 4937 
4895 4971 
4896 4893 
4897 4897 
4898 4920 
4899 4971 
4900 4978 
4901 4974 
4902 4902 
4903 4903 
4904 4934 
4905 4905 
4906 4906 
4907 4971 
4908 4883 
4909 4945 
4910 4850 
4911 4999 
4912 3120 4987 4872 4902 4855 4982 4974 
4913 4913 
4914 4963 
4915 4685 4993 4673 4978 4776 4972 4963 
4916 4893 
4917 4917 
4918 4973 
4919 4999 
4920 4920 
4921 4974 
4922 4951 
4923 4923 
4924 4945 
4925 4991 
4926 4751 4667 
4927 4978 
4928 4970 
4929 4829 4929 
4930 4990 
4931 4951 
4932 4932 
4933 4981 
4934 4934 
4935 4950 
4936 4945 
4937 4937 
4938 4991 
4939 4995 
4940 4995 
4941 4981 
4942 4942 
4943 4957 
4944 4944 
4945 4945 
4946 4946 
4947 4224 4608 4979 4970 4906 4821 
4948 4948 
4949 4949 
4950 4950 
4951 4951 
4952 4960 
4953 4953 
4954 4954 
4955 4945 
4956 4956 
4957 4957 
4958 4406 4615 4946 4608 4667 4582 4976 
4959 4956 
4960 4960 
4961 4961 
4962 4960 
4963 4963 
4964 4964 
4965 4893 4996 4903 4902 4934 4973 4850 
4966 4945 
4967 4967 
4968 4968 
4969 4969 
4970 4970 
4971 4971 
4972 4972 
4973 4973 
4974 4974 
4975 4975 
4976 4976 
4977 4971 4708 4329 4582 3955 4712 4581 
4978 4978 
4979 4979 
4980 4980 
4981 4981 
4982 4982 
4983 4997 
4984 4984 
4985 4646 4979 4401 4967 4993 4837 4990 
4986 4986 
4987 4987 
4988 4979 
4989 4974 
4990 4990 
4991 4991 
4992 4951 4853 4969 4996 4655 3696 4949 
4993 4993 
4994 4960 
4995 4995 
4996 4996 
4997 4997 
4998 4998 
4999 4999 
5000 4913 4835 4850 4837 4615 4825 4934 
