1 4960 4946 
2 4772 4840 
3 4421 
4 3988 
5 4773 
6 4988 
7 3975 
8 4907 
9 4725 
10 4951 4721 
11 4959 
12 3988 
13 4978 
14 4821 
15 4834 
16 4914 
17 4860 
18 4300 
19 4949 
20 4933 
21 4958 
22 4954 
23 4710 4729 4925 
24 4047 
25 4903 
26 4838 
27 4895 4229 4833 
28 4584 
29 4778 
30 4872 
31 4498 
32 4797 
33 4994 
34 4830 
35 4872 
36 4436 
37 4949 
38 4229 
39 4047 
40 4997 
41 4970 
42 4521 4455 4995 4989 
43 4936 
44 4929 4989 
45 4968 
46 4947 
47 4959 4993 
48 4996 
49 4997 
50 4995 
51 4989 4956 5000 
52 4324 
53 4859 
54 4989 
55 4455 
56 4997 
57 4949 
58 4957 
59 4956 4960 
60 4993 
61 4300 
62 4946 
63 4229 
64 4978 
65 4939 
66 4921 
67 4778 
68 4989 
69 2553 
70 4970 
71 4934 
72 4997 4968 
73 4810 
74 4970 
75 4739 
76 4314 
77 4953 
78 4816 4883 
79 4909 
80 4949 
81 4849 
82 4963 
83 3910 
84 4223 
85 1483 4838 4844 
86 4977 
87 4951 4962 
88 4521 
89 4861 
90 4947 
91 4704 
92 4604 
93 4810 
94 4959 
95 4966 
96 4945 
97 4329 4895 
98 4994 
99 4787 4999 
100 4807 4821 
101 4810 4635 4807 
102 4893 
103 4992 
104 4229 
105 5000 
106 4859 
107 4989 
108 4966 
109 4521 
110 4999 
111 4962 
112 4821 
113 4881 
114 4977 
115 4710 
116 4807 4902 
117 4872 
118 4772 4165 4739 
119 4810 
120 4903 
121 4977 
122 4946 
123 4914 
124 4947 
125 4579 
126 4925 
127 4573 
128 4920 
129 4987 
130 3915 
131 4795 
132 4958 
133 4991 
134 4939 
135 4925 
136 4996 
137 4490 
138 4876 
139 4725 
140 4411 
141 3152 4710 
142 4816 
143 4989 
144 4925 
145 4816 
146 4987 4834 
147 4993 
148 4951 
149 4914 
150 4960 4872 4991 
151 4853 
152 4774 
153 4721 
154 4830 
155 4707 
156 4902 
157 4839 
158 4306 
159 4808 
160 4456 
161 5000 
162 4710 
163 4907 
164 4922 
165 4839 3432 
166 3628 
167 4686 4745 4872 
168 4849 
169 4982 
170 4968 
171 4849 
172 4996 
173 4953 
174 4314 
175 4931 
176 4971 4949 
177 4860 
178 4808 
179 4933 
180 4861 
181 4306 
182 5000 
183 4573 
184 4721 
185 4983 
186 4815 
187 4989 
188 4919 
189 4975 
190 4327 
191 4456 
192 4859 3152 4929 
193 4926 
194 4795 
195 4199 
196 4888 
197 4903 
198 4903 
199 4949 
200 4985 
201 4994 4958 4987 
202 4644 4635 
203 5000 
204 4909 
205 4815 
206 4047 
207 4810 
208 4977 
209 4926 
210 4949 
211 4573 4948 
212 4963 
213 4997 
214 4470 
215 4421 
216 4949 
217 4853 4644 
218 4951 
219 4872 4936 
220 4985 
221 4721 4456 
222 4783 
223 4720 
224 4644 
225 4988 
226 4589 
227 4821 
228 4939 
229 4265 
230 4773 
231 4994 
232 4902 
233 4860 
234 4772 
235 4968 
236 4214 
237 4821 
238 4265 
239 4982 
240 4644 
241 4729 
242 4642 
243 4925 
244 4629 
245 4953 
246 4306 
247 4872 
248 4872 
249 4994 
250 4958 
251 4949 
252 4995 
253 4962 
254 4949 
255 4729 
256 4199 
257 4707 
258 4725 
259 4966 4839 
260 4644 4853 
261 4966 
262 4987 
263 4996 
264 4971 4895 
265 4838 3120 
266 4644 
267 4759 
268 4988 
269 4329 
270 4795 
271 4953 
272 4821 
273 4810 
274 4922 
275 4720 
276 4830 
277 4795 
278 4604 
279 4820 
280 4772 
281 4996 
282 4949 4997 
283 3965 
284 4975 
285 4881 
286 4968 
287 4931 
288 4881 
289 4903 
290 4966 
291 4635 
292 4907 
293 4816 
294 4816 4963 
295 4853 
296 4725 4314 
297 4773 
298 4970 
299 4977 
300 4923 4710 
301 4725 
302 4165 
303 4996 
304 4978 
305 4939 
306 3910 
307 4939 
308 4838 4470 
309 4962 
310 4959 
311 4963 
312 4959 
313 1229 
314 4165 
315 4455 
316 4324 
317 4797 
318 4960 
319 3988 4223 
320 4644 4844 
321 4853 4956 
322 4421 
323 4985 
324 4989 
325 4527 
326 4956 
327 4859 
328 4946 
329 4958 
330 4999 
331 4797 
332 4844 
333 4907 
334 4881 4995 
335 4745 
336 4985 
337 4881 
338 4921 
339 4579 
340 4795 
341 4774 
342 4579 
343 4773 
344 4635 
345 3120 
346 4987 
347 4914 
348 4772 
349 4971 4872 
350 4970 
351 4922 
352 4902 
353 4707 
354 4925 
355 4919 4951 
356 3910 
357 4985 
358 4584 
359 4914 4872 
360 4773 
361 4975 
362 4990 
363 3432 
364 4970 
365 4821 
366 4629 
367 4821 
368 4721 
369 4933 
370 2570 
371 4283 
372 4958 4997 
373 3975 
374 4985 
375 4921 
376 4843 
377 4707 
378 4642 
379 4989 
380 4783 
381 4945 
382 4999 4881 
383 4881 
384 4985 
385 4807 
386 4997 
387 4807 
388 4992 
389 4725 
390 4834 
391 4983 
392 4821 
393 4816 
394 4772 
395 4573 
396 4327 
397 4838 
398 4512 
399 4902 4773 
400 4720 
401 4759 
402 4214 
403 4970 
404 4797 
405 4907 
406 3975 
407 4821 
408 4725 
409 4283 
410 2116 4853 
411 4982 
412 4794 
413 4903 
414 4903 
415 4956 
416 4786 
417 4983 
418 4903 
419 4998 
420 4710 4966 
421 4919 
422 4329 
423 4853 
424 4860 
425 4853 4872 
426 4759 
427 4931 
428 4989 
429 4951 
430 4989 
431 4853 
432 4704 
433 4411 
434 4926 
435 4720 4859 
436 4902 
437 4573 
438 4839 
439 4783 
440 4521 
441 4772 
442 4759 
443 4165 
444 4922 
445 4978 
446 4629 
447 4772 
448 4849 
449 4903 
450 4934 
451 4949 4787 
452 4710 4834 
453 4229 
454 4926 
455 4704 
456 4966 
457 4382 
458 4914 
459 4421 
460 4773 4859 
461 4704 
462 4934 
463 4893 
464 4959 
465 4895 
466 4686 
467 4991 
468 4914 
469 4997 4953 
470 4971 
471 933 
472 4934 
473 4958 
474 4947 
475 4579 
476 4860 
477 4897 
478 4843 
479 4991 4954 
480 4992 
481 4810 
482 4810 
483 4584 
484 4739 
485 4786 
486 4382 4834 
487 4951 4324 
488 4327 
489 4983 
490 4807 
491 4584 
492 4807 
493 4982 
494 4199 
495 4907 
496 4998 
497 4816 
498 4844 
499 4604 
500 4949 4820 
501 4939 
502 5000 
503 4773 
504 4710 
505 4839 
506 4725 
507 4953 
508 4907 
509 4994 
510 4902 
511 4881 
512 4881 4921 4960 
513 4990 
514 4999 
515 4807 4872 
516 4919 
517 4853 
518 4897 
519 4989 
520 4881 
521 4470 
522 3692 
523 4720 
524 4635 
525 4455 
526 4579 4920 
527 4853 
528 4897 4934 
529 3147 
530 4490 
531 4687 4971 
532 4989 
533 4926 4995 
534 4987 4907 4604 
535 4778 
536 4994 
537 4797 
538 4934 
539 4888 4934 
540 4821 
541 4573 
542 4983 
543 4953 
544 4807 
545 4838 
546 4977 
547 4954 
548 4997 4807 
549 4860 
550 4821 
551 3628 4975 
552 4977 
553 4687 4936 
554 4960 
555 4604 
556 4978 
557 4778 
558 4925 
559 4948 
560 4996 
561 4527 
562 4470 
563 4629 
564 4962 
565 4329 4907 
566 4990 
567 4951 
568 4839 
569 4165 4861 
570 4970 
571 4820 
572 4821 
573 3006 
574 4909 
575 4939 
576 4977 
577 4807 
578 4642 
579 4919 
580 4745 4820 
581 4914 
582 4971 
583 4975 
584 4999 
585 4953 
586 4821 
587 4949 
588 4807 4644 4165 
589 4988 
590 4199 
591 4635 
592 4686 4988 
593 4839 
594 4997 
595 4512 
596 4983 
597 4721 
598 4853 
599 4584 
600 4996 4512 
601 4411 
602 4872 
603 4635 
604 4958 
605 4721 
606 4888 
607 4314 
608 4759 
609 4859 
610 4954 
611 4971 
612 4772 
613 4821 
614 4772 
615 4772 4888 
616 4959 
617 4306 
618 4807 
619 4914 
620 4872 
621 4300 
622 4970 
623 4710 
624 4223 
625 4199 
626 4462 
627 4720 
628 4839 
629 4849 
630 4710 
631 4841 
632 4214 
633 4909 
634 4382 
635 4853 
636 4839 
637 4970 
638 4833 
639 4953 
640 4895 
641 4968 
642 4954 
643 4720 
644 4860 
645 4971 
646 4962 
647 4994 
648 3147 1483 
649 4860 
650 4165 
651 4936 
652 2570 
653 4939 
654 5000 
655 4849 
656 4939 
657 4876 4872 
658 4872 
659 4490 
660 4773 
661 4907 
662 1483 
663 4859 
664 4786 
665 4987 
666 4978 
667 4992 
668 4931 
669 4970 
670 4512 
671 4704 
672 4893 
673 4821 
674 4987 
675 4975 
676 4329 
677 4895 
678 4996 
679 4968 
680 4962 
681 4820 
682 4849 4996 
683 4951 
684 4573 
685 4849 
686 4909 
687 4872 
688 4853 
689 4995 
690 4521 
691 3965 4994 
692 4774 
693 4725 
694 3120 
695 4881 
696 4300 
697 1475 4934 
698 4970 
699 4773 
700 3120 
701 4998 
702 4300 
703 4838 
704 4861 3628 
705 4860 
706 4830 
707 3120 
708 4833 
709 4909 
710 4971 
711 4876 
712 4512 
713 4951 
714 4816 
715 4903 
716 4926 
717 4995 
718 4987 
719 2570 
720 4922 
721 4710 
722 4914 
723 4966 
724 4314 
725 4931 
726 4939 
727 4945 
728 4998 
729 4970 
730 4987 
731 4977 
732 4807 
733 4985 
734 4774 
735 4971 
736 4512 
737 4956 
738 4994 
739 5000 
740 4795 
741 4604 
742 4774 
743 4999 
744 4951 
745 4956 
746 4324 
747 3975 4778 
748 4958 4978 
749 4644 4786 5000 
750 4994 4954 
751 4945 
752 4820 
753 4971 
754 3628 
755 4991 3965 
756 4989 
757 4954 
758 4970 
759 4936 
760 4859 
761 4933 
762 4498 
763 4710 
764 4629 
765 4993 
766 4931 
767 5000 
768 4966 
769 4635 
770 4840 
771 4977 
772 4807 4725 
773 4914 
774 4991 
775 4962 
776 4635 
777 4725 4947 
778 4860 
779 4629 
780 4283 
781 4816 
782 4996 
783 4960 
784 4849 
785 4922 
786 4306 
787 4997 
788 4994 4925 
789 4997 
790 4773 
791 4925 
792 4939 
793 4914 4923 4968 
794 4773 4971 
795 4960 
796 4985 4922 
797 4787 
798 4816 
799 4498 
800 4903 
801 4573 
802 4816 4994 
803 4411 
804 4999 
805 4849 
806 4810 
807 4783 
808 4644 
809 4926 
810 4991 
811 4971 
812 4573 
813 4265 
814 4881 
815 4838 
816 4926 
817 4895 4998 
818 4922 
819 4946 
820 4977 
821 4710 
822 4903 
823 4470 
824 4838 
825 3692 4876 
826 4725 
827 4994 
828 4872 4959 
829 4968 
830 4914 
831 4909 
832 4963 
833 4921 4840 
834 1157 
835 4907 
836 4978 
837 4821 4883 
838 4729 
839 4721 4881 
840 4838 
841 4861 
842 4720 
843 4214 
844 4644 
845 4995 
846 4922 
847 4849 
848 4934 
849 4968 
850 4686 
851 4985 4521 
852 4635 
853 4773 4644 
854 4936 4951 
855 4947 
856 4999 
857 4978 
858 4914 
859 4933 
860 4821 
861 4998 
862 4934 
863 4947 
864 4838 
865 4978 4872 
866 4710 
867 4999 
868 4573 
869 4947 
870 4739 
871 4329 
872 4968 
873 4999 
874 4993 
875 4992 
876 4830 4521 
877 4970 
878 4116 
879 4895 4947 
880 4957 
881 4963 
882 4999 
883 4573 
884 4903 
885 4840 
886 4960 4876 
887 4990 
888 4872 
889 4996 
890 4382 
891 4860 
892 3988 
893 4888 
894 4843 
895 4720 
896 4047 
897 4843 
898 4214 
899 4778 
900 4573 4773 4921 4929 
901 4931 
902 4982 
903 4876 
904 4998 
905 4629 
906 4629 
907 4946 
908 4704 
909 4978 
910 4327 4710 
911 4810 
912 4996 
913 4165 
914 4895 
915 4990 
916 4959 
917 4948 
918 4975 
919 3006 
920 4830 
921 4853 
922 4993 
923 4987 
924 4821 
925 4992 
926 4991 
927 4469 
928 4921 
929 4939 
930 4876 
931 1685 
932 4229 
933 933 
934 4821 
935 4907 
936 4521 
937 2116 4759 
938 4936 
939 4925 
940 4729 
941 4888 
942 4975 
943 4949 4881 
944 4922 
945 4839 
946 4939 
947 4579 
948 3152 
949 4998 
950 4902 
951 3120 
952 4962 
953 4116 
954 4939 
955 3692 
956 4807 4951 
957 4455 
958 4772 
959 4996 
960 4327 
961 4902 
962 4968 
963 4807 
964 4953 
965 4642 
966 4970 
967 4844 
968 4954 
969 4936 
970 4914 
971 4994 
972 4990 
973 4954 
974 4840 
975 4907 
976 4914 
977 4907 
978 4772 4977 
979 4821 
980 4808 
981 4903 
982 4165 
983 4490 
984 4971 
985 4929 
986 4807 
987 2116 4921 
988 1483 
989 4982 
990 4265 
991 4807 
992 1685 
993 4839 
994 4834 
995 4725 
996 4921 
997 4436 
998 4997 
999 4470 
1000 4926 
1001 4720 
1002 4797 
1003 4907 
1004 4214 
1005 4787 4960 
1006 4579 
1007 4839 
1008 4165 
1009 4995 
1010 1229 4985 
1011 4999 
1012 4971 
1013 4834 
1014 4710 
1015 4720 
1016 4300 
1017 4883 
1018 4987 4786 4970 
1019 4329 
1020 4956 
1021 4223 
1022 4773 
1023 4997 
1024 4919 
1025 4456 
1026 4968 
1027 4498 
1028 4897 
1029 4436 
1030 4725 
1031 4794 
1032 4327 
1033 4833 
1034 4773 
1035 4903 
1036 4953 
1037 4821 
1038 4579 
1039 4704 
1040 4604 
1041 4926 
1042 4759 
1043 4839 
1044 4985 
1045 4949 
1046 4949 
1047 4816 
1048 4998 
1049 4929 
1050 4975 
1051 4897 
1052 3006 
1053 4888 
1054 4960 
1055 4629 
1056 3147 4773 
1057 4808 
1058 4959 
1059 4971 
1060 4933 4920 
1061 4934 
1062 4849 
1063 4839 
1064 4306 4883 
1065 4629 
1066 4797 
1067 4947 
1068 4962 
1069 4629 
1070 2570 
1071 4223 
1072 4462 
1073 4960 
1074 4946 
1075 4936 
1076 4975 
1077 4849 
1078 4573 
1079 4872 4739 
1080 4953 
1081 4841 
1082 4990 
1083 4807 
1084 4745 
1085 4841 
1086 4815 
1087 4710 
1088 4949 
1089 4421 
1090 4861 
1091 4644 
1092 4923 
1093 4975 4314 
1094 4849 
1095 4996 
1096 4821 
1097 4778 
1098 4579 
1099 4841 
1100 4462 
1101 4860 
1102 4840 
1103 4995 
1104 4903 
1105 4843 
1106 4958 
1107 4849 
1108 4989 
1109 4996 
1110 4838 
1111 4745 
1112 4629 
1113 4999 
1114 3152 
1115 4810 4686 4881 
1116 4810 
1117 4778 
1118 4861 
1119 4521 
1120 4977 4982 
1121 4991 
1122 4998 4919 
1123 4954 
1124 4921 
1125 4988 
1126 4929 
1127 4644 
1128 4861 1885 
1129 4456 
1130 4994 
1131 4165 
1132 4573 
1133 4710 
1134 4931 
1135 4783 
1136 4841 
1137 4999 
1138 4954 
1139 4957 
1140 4720 
1141 4948 
1142 4579 
1143 4795 
1144 4983 
1145 4773 
1146 4996 
1147 4993 
1148 4929 
1149 4704 
1150 4977 
1151 4978 
1152 4895 
1153 4954 
1154 4421 3915 
1155 4971 
1156 4962 
1157 1157 
1158 4970 
1159 4815 
1160 4933 
1161 4951 
1162 4960 
1163 4933 
1164 4971 
1165 4644 4745 5000 
1166 4903 
1167 4329 
1168 4893 
1169 4902 
1170 4909 
1171 4710 
1172 4853 
1173 4604 
1174 4808 
1175 4745 
1176 4807 5000 
1177 4931 
1178 4977 
1179 4710 
1180 4456 
1181 4960 
1182 4997 
1183 4816 
1184 4778 
1185 1229 
1186 4573 
1187 4300 
1188 4629 
1189 4759 
1190 4816 
1191 4861 
1192 4810 
1193 4589 
1194 1229 4527 4844 
1195 4876 
1196 4997 
1197 4975 
1198 4872 4975 4982 
1199 4635 
1200 4971 4934 
1201 4830 
1202 4949 
1203 4994 
1204 4926 
1205 4947 
1206 4810 
1207 4991 
1208 4797 
1209 4983 
1210 4951 
1211 4895 
1212 4455 4971 
1213 4704 
1214 4876 
1215 3120 4838 
1216 4956 
1217 4966 
1218 4934 
1219 4949 
1220 4498 
1221 4922 
1222 4686 
1223 3120 
1224 4931 
1225 4946 
1226 4895 
1227 4998 
1228 4314 
1229 1229 
1230 3147 
1231 4704 
1232 4745 
1233 4329 
1234 4958 
1235 4644 
1236 4893 
1237 4914 4382 
1238 4962 
1239 3965 
1240 4773 
1241 3628 
1242 4720 
1243 4773 
1244 4931 
1245 4982 
1246 4953 3692 
1247 4949 
1248 4512 
1249 4997 4982 4990 
1250 4990 
1251 4265 
1252 4327 
1253 2570 
1254 4983 
1255 4949 
1256 4816 
1257 3910 
1258 4844 
1259 4881 
1260 4840 
1261 4604 4907 
1262 4985 4710 
1263 2570 4883 
1264 4987 
1265 4629 4920 4704 
1266 4686 
1267 4951 
1268 4977 
1269 4642 
1270 4833 
1271 4957 
1272 4996 4644 4957 
1273 4521 
1274 4939 
1275 4990 
1276 4739 
1277 4989 
1278 4853 
1279 4839 
1280 4644 
1281 4859 4998 4985 
1282 4830 
1283 4704 
1284 4977 
1285 4903 
1286 4888 
1287 3988 
1288 4470 
1289 4994 
1290 4860 
1291 4923 
1292 4989 
1293 4903 
1294 4985 
1295 4469 
1296 4990 
1297 4995 
1298 4853 
1299 4772 
1300 4902 
1301 4951 
1302 4893 
1303 4914 4971 4644 
1304 4165 
1305 4772 
1306 4962 
1307 4991 
1308 4795 
1309 4993 4977 
1310 4512 4966 
1311 4902 
1312 4926 
1313 4629 4635 4992 
1314 4861 
1315 4999 
1316 4795 
1317 4860 
1318 4929 
1319 4872 
1320 4644 
1321 4983 
1322 4853 
1323 4914 
1324 4994 
1325 4895 
1326 4914 
1327 4934 
1328 4888 
1329 4861 
1330 4710 
1331 4436 
1332 4978 4897 
1333 4926 
1334 4876 
1335 4997 4382 
1336 4888 
1337 4988 
1338 4926 
1339 5000 
1340 4881 
1341 4642 
1342 2116 
1343 4897 
1344 4872 
1345 4926 
1346 4914 
1347 4642 
1348 3628 
1349 4687 
1350 4839 
1351 4991 
1352 4573 
1353 4995 
1354 4214 
1355 4994 
1356 4946 
1357 4920 
1358 4953 
1359 4893 
1360 4929 
1361 4953 
1362 4314 
1363 4589 
1364 4329 
1365 4794 4573 4808 
1366 4807 4324 4283 
1367 4995 
1368 4797 
1369 4909 
1370 4579 
1371 4948 
1372 4963 
1373 4774 
1374 4721 
1375 4946 
1376 4872 
1377 4729 
1378 4888 
1379 3692 
1380 4888 
1381 4968 
1382 4966 
1383 4834 
1384 4958 
1385 4794 
1386 4327 1475 
1387 4710 
1388 4436 
1389 4839 
1390 4839 
1391 4635 
1392 4704 
1393 4841 
1394 4772 
1395 4966 
1396 4300 
1397 4960 
1398 4725 
1399 4469 
1400 4921 
1401 4968 
1402 4921 
1403 4821 
1404 3965 
1405 4861 
1406 4947 
1407 4949 
1408 4931 
1409 4971 
1410 4686 
1411 4953 
1412 3006 
1413 4629 
1414 4462 
1415 4949 
1416 4300 
1417 4773 
1418 4931 
1419 4710 
1420 4527 
1421 4919 4859 
1422 4963 
1423 4963 
1424 4966 
1425 4985 
1426 4897 
1427 4914 
1428 4897 
1429 4324 
1430 4773 
1431 4773 
1432 4949 
1433 4954 
1434 4839 
1435 4985 
1436 4931 
1437 4903 
1438 4893 
1439 4998 
1440 4786 
1441 4983 
1442 4945 
1443 4710 
1444 4990 
1445 4314 
1446 4933 
1447 4995 
1448 4987 
1449 2570 
1450 4644 
1451 4970 3975 
1452 4773 
1453 4983 
1454 4909 
1455 4860 
1456 4849 
1457 4787 
1458 4844 
1459 4989 
1460 4907 
1461 4995 
1462 4996 
1463 4721 
1464 4907 
1465 4985 
1466 4954 
1467 4573 
1468 4490 4947 
1469 4797 
1470 4421 
1471 4914 
1472 4720 
1473 4807 
1474 4934 
1475 1475 
1476 4853 
1477 4872 
1478 4914 4987 4830 
1479 4710 
1480 4794 
1481 4860 
1482 4962 
1483 1483 
1484 4966 
1485 4807 
1486 4946 
1487 4579 
1488 4954 
1489 4773 
1490 4853 
1491 4977 
1492 4635 
1493 4922 
1494 4229 
1495 4635 
1496 4953 
1497 4849 
1498 4306 
1499 2116 
1500 4903 
1501 4958 
1502 4841 
1503 4966 
1504 2116 
1505 4808 
1506 4946 
1507 4888 
1508 4512 
1509 4949 
1510 4821 
1511 4953 
1512 4914 
1513 4411 
1514 4897 
1515 4914 
1516 4849 
1517 4834 4773 4816 
1518 4960 
1519 4199 4861 
1520 4687 
1521 4808 
1522 4897 
1523 4834 
1524 4881 
1525 4956 
1526 4314 4975 
1527 4949 
1528 4165 4934 
1529 4881 
1530 4914 
1531 4992 
1532 4808 
1533 4314 
1534 4939 
1535 4772 
1536 4849 
1537 4455 
1538 4985 
1539 4926 
1540 4998 
1541 4948 
1542 4999 
1543 4966 
1544 4872 
1545 4644 4977 
1546 4960 
1547 4872 4994 
1548 3628 4821 
1549 4995 
1550 4436 
1551 4462 
1552 4720 
1553 4721 
1554 3915 
1555 4629 
1556 4951 
1557 4959 
1558 4985 
1559 4962 
1560 4947 
1561 4991 
1562 4966 
1563 4794 
1564 4573 
1565 4860 
1566 4975 
1567 4720 
1568 4953 
1569 4456 
1570 4773 4948 4991 
1571 4895 4968 
1572 4997 
1573 4306 
1574 4931 4933 4963 
1575 4987 
1576 4462 4512 
1577 4951 
1578 4977 
1579 4990 
1580 4165 
1581 4970 
1582 3975 
1583 4838 
1584 4936 
1585 4939 
1586 4939 
1587 4971 
1588 4934 4512 4966 
1589 4774 
1590 4704 
1591 4920 
1592 4808 4985 
1593 4821 
1594 4411 
1595 4721 
1596 4990 
1597 4897 
1598 4644 4954 
1599 4795 
1600 4957 
1601 4772 
1602 4954 
1603 4644 
1604 4527 
1605 4963 
1606 4629 
1607 4983 
1608 4778 
1609 4963 
1610 4949 
1611 4527 
1612 4957 
1613 4214 
1614 4773 
1615 4306 
1616 4888 
1617 4223 
1618 4772 
1619 4739 4778 
1620 4971 
1621 3965 
1622 4834 
1623 4861 
1624 4859 
1625 4853 
1626 4772 
1627 4994 
1628 4977 4994 
1629 4830 
1630 4745 
1631 4954 
1632 4962 
1633 4573 
1634 4773 
1635 4893 
1636 4821 
1637 2116 4903 
1638 4939 
1639 4985 
1640 4962 
1641 4953 
1642 4830 
1643 4881 
1644 4199 
1645 4902 
1646 4165 
1647 4966 
1648 4778 
1649 4306 
1650 4925 
1651 4888 
1652 4853 
1653 4946 
1654 4966 
1655 4047 
1656 4573 4895 
1657 4720 
1658 4957 
1659 4604 
1660 4931 
1661 4999 
1662 4759 
1663 4849 
1664 4859 
1665 4929 
1666 4914 
1667 4966 
1668 4971 
1669 4720 4914 4839 
1670 4283 
1671 4872 4229 4925 
1672 4629 
1673 4739 
1674 4962 
1675 4954 
1676 4985 
1677 4923 
1678 4839 
1679 4773 
1680 4820 
1681 4772 
1682 4903 
1683 4306 
1684 3120 4710 
1685 1685 
1686 4584 
1687 4945 
1688 4283 
1689 4881 4807 
1690 4921 
1691 4710 
1692 4996 
1693 4997 
1694 4686 
1695 4985 
1696 4881 
1697 4584 4324 4843 
1698 4962 
1699 4720 4849 
1700 4971 
1701 4957 
1702 4946 
1703 1229 4860 
1704 4720 
1705 4840 
1706 4957 4926 4954 4945 
1707 4300 
1708 4861 
1709 4947 
1710 4957 
1711 1475 
1712 4897 
1713 4971 4895 3692 
1714 4861 
1715 4956 4859 4786 
1716 3975 
1717 4642 4977 
1718 4821 
1719 4579 
1720 4853 
1721 4936 
1722 4490 4960 
1723 4990 
1724 4116 
1725 4527 
1726 4834 
1727 4995 
1728 4962 
1729 4807 
1730 4903 
1731 4773 
1732 4903 
1733 4995 
1734 4920 
1735 4923 
1736 4774 
1737 4971 
1738 4421 
1739 4939 
1740 4994 4987 
1741 4861 
1742 4589 
1743 4229 
1744 4872 
1745 4921 
1746 4997 
1747 4721 4922 
1748 4306 
1749 4223 
1750 4920 
1751 4946 
1752 4988 
1753 4939 
1754 4977 4314 4947 
1755 4936 
1756 4849 
1757 4999 
1758 4999 
1759 4876 
1760 4778 
1761 4959 
1762 4584 
1763 4925 
1764 5000 
1765 4787 
1766 4214 4456 3152 
1767 4921 
1768 4907 
1769 4644 
1770 4959 
1771 4929 
1772 4807 
1773 4903 
1774 4834 
1775 4931 
1776 4881 
1777 3915 
1778 4971 
1779 4957 
1780 4991 
1781 4047 
1782 4946 4987 
1783 4469 
1784 4929 4860 
1785 4455 
1786 4881 
1787 4977 
1788 4199 4834 
1789 4849 
1790 4989 
1791 4959 
1792 4834 
1793 4707 
1794 4946 
1795 4985 
1796 4957 
1797 4411 
1798 4830 
1799 4853 4909 4954 
1800 4629 
1801 4807 
1802 4991 
1803 4897 
1804 4933 
1805 4997 
1806 4907 
1807 4975 
1808 4629 
1809 4975 
1810 4966 
1811 4947 
1812 4971 
1813 4951 
1814 4883 
1815 4998 
1816 4883 
1817 4872 
1818 4807 4838 
1819 4794 
1820 4966 
1821 4849 
1822 4838 
1823 4947 
1824 4960 
1825 4954 
1826 4841 
1827 4991 
1828 4929 
1829 4990 
1830 4839 
1831 4710 
1832 4946 
1833 4991 
1834 4710 
1835 4773 4988 
1836 4329 
1837 4462 
1838 4773 
1839 4945 
1840 4996 
1841 4953 
1842 4959 
1843 4948 
1844 4644 4795 4872 
1845 4966 
1846 4421 4859 
1847 4991 
1848 4999 
1849 4968 
1850 4957 4983 
1851 4745 
1852 4970 
1853 4991 4214 
1854 4998 
1855 4838 
1856 4739 
1857 4795 
1858 4644 
1859 4815 
1860 4985 
1861 4968 
1862 4816 
1863 4977 
1864 3965 
1865 4962 
1866 4934 4807 3692 
1867 2116 
1868 4992 
1869 4795 
1870 4579 
1871 3915 
1872 4821 
1873 4512 
1874 4816 
1875 4931 
1876 4860 
1877 4382 
1878 4933 
1879 4629 
1880 4720 
1881 4861 
1882 4951 
1883 4985 
1884 4977 
1885 1885 4985 
1886 4584 
1887 4975 
1888 4223 
1889 4985 4968 
1890 4895 
1891 4843 
1892 4165 4966 
1893 4729 
1894 4774 
1895 4968 
1896 4840 
1897 4963 
1898 4962 
1899 4283 4962 
1900 4629 
1901 4838 
1902 4975 
1903 4704 
1904 4990 
1905 4985 
1906 4978 
1907 4116 
1908 4797 
1909 4907 
1910 4958 
1911 4954 
1912 4774 4977 
1913 4995 
1914 4978 
1915 4838 
1916 4816 
1917 4895 
1918 4992 
1919 4872 
1920 4988 
1921 4834 
1922 4945 
1923 4993 4199 
1924 4970 
1925 4949 
1926 4324 
1927 4721 
1928 4838 
1929 4996 
1930 4995 
1931 4849 4462 
1932 4795 
1933 4881 4512 
1934 4902 
1935 4920 
1936 4998 
1937 4987 
1938 4983 
1939 4686 
1940 4978 
1941 4853 
1942 2570 
1943 4996 
1944 4933 
1945 4920 
1946 4861 
1947 4720 
1948 4635 
1949 4778 
1950 4931 
1951 4306 
1952 4872 4883 
1953 4834 
1954 4931 
1955 4314 
1956 4925 
1957 4985 
1958 4991 
1959 4773 
1960 4881 
1961 4838 4919 4933 
1962 4960 
1963 4861 
1964 4772 4710 
1965 4959 
1966 4382 
1967 2116 
1968 4954 
1969 4903 
1970 4902 
1971 4994 
1972 4710 
1973 4820 
1974 4921 
1975 4629 
1976 4573 
1977 4978 
1978 4521 
1979 5000 
1980 4306 
1981 4939 
1982 4773 
1983 3965 
1984 3965 
1985 4992 
1986 4411 4860 4707 
1987 4993 
1988 4949 
1989 4815 
1990 4849 
1991 2570 
1992 4794 
1993 4834 
1994 4922 
1995 4923 
1996 4914 
1997 4853 
1998 4962 
1999 4966 4843 
2000 4527 
2001 4920 
2002 4946 
2003 4920 4521 4907 
2004 4971 
2005 4921 
2006 4306 
2007 4975 
2008 4860 
2009 4849 4977 4921 
2010 4953 
2011 4704 
2012 4725 4936 
2013 4999 4907 4223 
2014 4794 
2015 4710 
2016 4999 
2017 4998 
2018 4815 
2019 4895 
2020 4604 
2021 4996 
2022 4895 
2023 4772 
2024 4265 
2025 4604 
2026 4774 
2027 4629 
2028 4787 4907 
2029 4994 
2030 4324 
2031 4808 
2032 4926 
2033 4872 
2034 4994 
2035 4710 
2036 4895 
2037 4573 
2038 4849 
2039 4907 
2040 4810 
2041 4958 
2042 4977 
2043 4860 
2044 4999 
2045 4589 
2046 4948 
2047 4947 4903 
2048 4939 
2049 4949 
2050 4629 
2051 4469 
2052 4947 
2053 4229 
2054 4707 
2055 4959 
2056 4644 
2057 4579 
2058 4795 
2059 4707 
2060 4922 
2061 4997 
2062 4881 
2063 4881 
2064 4939 
2065 4956 
2066 4710 
2067 4947 
2068 4929 
2069 4739 
2070 4951 
2071 4953 
2072 4849 
2073 4839 
2074 4996 
2075 4895 4686 4902 
2076 4995 
2077 4729 
2078 4982 
2079 4947 
2080 4897 
2081 4971 
2082 4962 
2083 4966 
2084 4795 4951 
2085 4853 
2086 4936 
2087 4512 
2088 4920 
2089 4821 
2090 4996 
2091 4797 
2092 4872 
2093 4995 
2094 4821 
2095 4985 4861 
2096 4933 
2097 4934 
2098 4704 4686 4860 
2099 4970 
2100 4991 
2101 4994 
2102 4987 
2103 4922 
2104 4960 4933 4512 4199 
2105 4816 
2106 4933 
2107 4993 
2108 4985 
2109 4721 
2110 4772 4945 
2111 4881 
2112 4589 
2113 4199 
2114 4729 
2115 5000 
2116 2116 
2117 4455 
2118 4795 
2119 3975 
2120 4223 
2121 4527 
2122 4579 
2123 4821 
2124 4821 
2125 4970 
2126 4968 
2127 4411 
2128 4960 
2129 4883 
2130 4996 
2131 4797 
2132 4635 
2133 4953 4720 4849 
2134 4721 4951 
2135 4947 
2136 4902 
2137 4971 
2138 4995 
2139 4881 
2140 4956 
2141 4926 
2142 4977 
2143 4921 
2144 4470 
2145 4978 
2146 4959 
2147 4881 
2148 4903 
2149 4966 
2150 4787 
2151 4949 
2152 4991 
2153 4729 
2154 3910 
2155 4926 
2156 4861 
2157 3120 
2158 4971 4881 4954 
2159 4953 
2160 4970 
2161 4992 
2162 4635 
2163 4283 
2164 4897 
2165 4971 
2166 4919 
2167 4958 
2168 2570 
2169 4897 
2170 4959 
2171 4936 
2172 4710 
2173 4921 
2174 4907 
2175 4958 
2176 4954 
2177 4996 
2178 4739 
2179 1685 3988 
2180 4199 
2181 4462 4936 4957 
2182 4841 
2183 3120 
2184 4903 1483 4644 4833 
2185 4815 
2186 4897 
2187 4999 
2188 4421 
2189 3628 
2190 4860 
2191 4455 3692 
2192 4729 
2193 4946 
2194 4881 
2195 4939 4573 4436 
2196 4949 
2197 4958 
2198 4966 
2199 4946 
2200 4229 
2201 3152 
2202 4994 
2203 4642 
2204 4966 
2205 4931 
2206 4214 
2207 4853 4888 4971 4872 
2208 4815 
2209 4469 
2210 4992 
2211 4933 
2212 4810 4512 4946 4978 
2213 4929 
2214 4919 
2215 4921 
2216 4729 
2217 4306 4644 4960 
2218 4881 
2219 4820 
2220 4951 
2221 4931 
2222 4934 
2223 4970 
2224 4872 
2225 4820 4843 4589 
2226 4816 
2227 4996 
2228 4991 4995 4807 
2229 4872 4949 
2230 4573 
2231 4949 
2232 4833 
2233 4872 
2234 4957 
2235 4988 
2236 2553 4327 
2237 4306 
2238 4970 
2239 4949 
2240 4710 
2241 4720 
2242 4968 4872 4861 4949 
2243 4923 
2244 4963 
2245 4165 
2246 4959 
2247 4860 4498 4436 4883 
2248 3910 
2249 4710 
2250 4306 
2251 4644 
2252 4919 
2253 4909 
2254 4978 
2255 4774 
2256 4573 
2257 4436 
2258 4998 
2259 4707 
2260 4982 
2261 4962 
2262 4936 
2263 4907 
2264 4838 4859 4997 4993 
2265 4490 3120 4759 
2266 4968 
2267 4455 
2268 4573 
2269 4265 
2270 4821 
2271 4931 3910 4853 
2272 4951 
2273 4985 
2274 4821 
2275 4992 
2276 4840 
2277 4991 
2278 4876 
2279 4992 
2280 4199 
2281 5000 
2282 4999 
2283 4881 
2284 4994 
2285 4881 
2286 4914 
2287 4821 
2288 5000 
2289 4960 4436 4987 
2290 4773 4914 
2291 4872 
2292 4881 
2293 4996 
2294 4995 
2295 4939 
2296 4956 
2297 4989 
2298 4997 
2299 3628 
2300 4983 
2301 4306 
2302 4926 
2303 4421 
2304 4982 
2305 4985 
2306 4229 
2307 4992 
2308 4888 
2309 4774 
2310 4951 
2311 4897 
2312 4306 
2313 4527 
2314 4949 4300 
2315 4990 
2316 4994 
2317 4920 
2318 4807 
2319 4982 
2320 4990 
2321 4919 
2322 4527 
2323 4997 
2324 4720 
2325 4949 
2326 4778 
2327 4939 
2328 4834 
2329 4962 
2330 4895 
2331 4739 
2332 4772 
2333 4861 
2334 4881 
2335 4872 
2336 4300 
2337 3965 
2338 4926 
2339 4971 3910 
2340 4923 
2341 4579 
2342 4116 
2343 4229 
2344 4994 4306 4704 4968 
2345 4953 
2346 4300 
2347 4860 
2348 4975 
2349 4957 
2350 4931 4881 
2351 4116 
2352 4861 
2353 4820 
2354 4382 
2355 4947 
2356 4629 
2357 2116 4971 4895 
2358 4774 
2359 4949 
2360 4997 
2361 4642 
2362 4838 
2363 4860 
2364 4949 
2365 4994 
2366 4897 
2367 4490 
2368 4841 
2369 4995 
2370 4720 
2371 4989 
2372 4324 
2373 4926 
2374 4421 
2375 4909 
2376 4839 
2377 4704 
2378 4739 
2379 4903 
2380 4991 
2381 4807 
2382 4895 
2383 4934 
2384 4951 
2385 4421 
2386 4947 
2387 4821 
2388 4808 4810 
2389 4939 
2390 4936 
2391 4990 
2392 4907 
2393 4324 4959 
2394 4933 
2395 4214 
2396 4839 
2397 4324 
2398 4635 
2399 4456 
2400 4704 
2401 4849 
2402 4970 
2403 4642 
2404 4977 
2405 4795 
2406 4839 
2407 4783 
2408 4849 
2409 4853 
2410 4456 
2411 4907 
2412 4936 
2413 4470 
2414 4881 4957 4988 
2415 4977 
2416 4807 
2417 4300 
2418 4883 
2419 4512 
2420 4773 
2421 4861 
2422 4165 4314 4966 
2423 4821 
2424 4469 
2425 4897 
2426 4839 
2427 4959 
2428 4314 
2429 4998 
2430 4644 
2431 4721 4931 4966 4710 
2432 4816 
2433 4579 
2434 4970 
2435 4838 
2436 4971 
2437 4990 
2438 4860 
2439 4907 
2440 4985 
2441 4456 
2442 4830 
2443 4994 
2444 4994 
2445 4948 
2446 4895 
2447 4931 
2448 4914 
2449 4893 
2450 4839 
2451 4573 
2452 4300 
2453 4861 
2454 4327 
2455 4990 4772 4966 
2456 4931 
2457 4993 
2458 4939 
2459 3692 4977 4876 
2460 4957 
2461 4990 
2462 4327 
2463 4772 
2464 4838 
2465 4991 
2466 4047 
2467 4929 
2468 4739 
2469 4939 
2470 4584 
2471 4957 
2472 4834 
2473 4834 
2474 4807 
2475 4830 
2476 4721 
2477 4860 
2478 4314 
2479 4985 
2480 4794 
2481 4462 
2482 4997 
2483 4807 4881 4644 
2484 4881 
2485 4876 
2486 4165 
2487 4838 
2488 4954 
2489 4773 4841 4990 
2490 4265 
2491 4947 
2492 4739 
2493 4993 
2494 4512 4844 
2495 4223 
2496 4998 
2497 4872 
2498 4604 
2499 4987 
2500 4959 
2501 4991 
2502 4983 
2503 4978 
2504 4956 
2505 4985 
2506 4914 4966 
2507 4985 
2508 3152 4966 4914 
2509 4720 
2510 4833 
2511 4902 
2512 4834 
2513 4970 
2514 4903 
2515 4816 
2516 4997 
2517 4872 
2518 4838 
2519 4982 
2520 5000 
2521 4907 
2522 4860 4306 4849 
2523 4895 
2524 4926 
2525 4919 
2526 4987 
2527 4843 
2528 4883 
2529 4833 
2530 4642 
2531 4773 
2532 4931 
2533 4960 
2534 4629 
2535 4914 
2536 4994 
2537 4521 4635 4977 4991 
2538 4931 
2539 4897 
2540 4199 
2541 4843 
2542 4975 
2543 4951 
2544 3692 
2545 4907 
2546 4922 
2547 4745 4604 4841 
2548 4739 
2549 4116 
2550 4774 
2551 4710 4329 4725 4527 4833 
2552 4469 
2553 2553 4327 4283 
2554 4999 
2555 4947 
2556 4470 
2557 4995 4861 
2558 4704 
2559 4958 
2560 4989 
2561 4512 
2562 4839 
2563 4978 
2564 4926 
2565 4962 
2566 4783 
2567 4462 
2568 4977 
2569 4968 
2570 2570 
2571 4629 2116 4985 
2572 4996 
2573 4994 
2574 3152 
2575 4954 
2576 4710 
2577 4959 
2578 4966 
2579 4838 
2580 4977 4876 4945 
2581 4897 
2582 4810 3152 
2583 4872 
2584 4994 
2585 4999 
2586 4939 
2587 4947 
2588 3975 
2589 4807 
2590 4834 
2591 4909 
2592 4914 
2593 4810 
2594 4710 4895 4834 
2595 4512 
2596 4840 
2597 4629 
2598 4907 
2599 4830 
2600 4797 
2601 4853 
2602 4881 4710 4983 
2603 4926 
2604 4951 
2605 4725 4773 4214 
2606 4946 
2607 4933 
2608 4834 4838 
2609 4995 
2610 4995 
2611 4985 
2612 3975 4982 4953 3692 
2613 4933 
2614 4783 
2615 4914 
2616 4861 
2617 4821 
2618 4872 
2619 4436 
2620 4843 
2621 4707 
2622 4635 
2623 4820 4421 
2624 4914 
2625 4995 
2626 4844 
2627 4512 4958 4881 
2628 4903 
2629 4962 
2630 4996 
2631 4710 
2632 4214 
2633 4635 
2634 4838 3988 
2635 4881 
2636 4644 
2637 4921 
2638 4997 
2639 4922 
2640 4933 
2641 4629 
2642 4881 
2643 4907 
2644 4527 
2645 4994 4921 4975 
2646 4629 
2647 4783 
2648 4926 
2649 4795 
2650 4807 4934 4456 4881 
2651 3120 4223 4921 4710 
2652 4795 
2653 4914 4907 
2654 4966 
2655 4810 
2656 4994 
2657 4881 
2658 4902 
2659 4951 
2660 4995 
2661 4966 
2662 4821 
2663 4907 
2664 4720 
2665 4704 
2666 4860 
2667 4933 
2668 4455 
2669 4872 
2670 4860 
2671 4995 
2672 4982 
2673 4945 
2674 4872 
2675 4512 
2676 4807 
2677 4914 
2678 4962 
2679 4933 
2680 4881 
2681 4844 
2682 5000 
2683 4797 
2684 4919 
2685 4411 
2686 4978 
2687 4745 
2688 4897 
2689 4229 
2690 3915 4421 
2691 4957 
2692 4903 
2693 2570 
2694 4704 
2695 4816 
2696 4990 
2697 4883 
2698 4888 
2699 4907 
2700 4921 
2701 4903 
2702 4853 
2703 4968 
2704 4936 
2705 3988 
2706 4992 
2707 4966 
2708 4720 
2709 4774 
2710 4165 
2711 3692 
2712 4797 
2713 4839 
2714 4985 
2715 4773 
2716 4808 
2717 4977 4573 4971 4739 4951 4920 
2718 4934 
2719 4739 
2720 5000 
2721 4963 
2722 4739 
2723 4903 
2724 4953 
2725 3965 
2726 4872 4947 4833 4923 4710 
2727 4926 
2728 4861 
2729 4883 
2730 4947 
2731 4725 
2732 4946 
2733 4629 
2734 3692 
2735 4893 
2736 4936 4324 4897 4925 4214 
2737 4816 
2738 4470 
2739 4999 
2740 4997 
2741 4903 
2742 4948 
2743 4844 
2744 4897 
2745 4971 
2746 4982 
2747 4934 
2748 4897 
2749 4962 
2750 4810 
2751 3975 
2752 3965 
2753 4833 
2754 4994 
2755 4306 
2756 4931 
2757 4909 
2758 4931 
2759 4985 
2760 4893 
2761 4971 4329 4573 4797 4982 
2762 4914 
2763 4644 
2764 4498 
2765 4527 
2766 4975 
2767 4994 
2768 4840 
2769 4881 4704 4947 
2770 4909 
2771 4853 
2772 4283 
2773 4907 
2774 4629 4954 
2775 4991 4959 4888 4954 
2776 4897 4710 4929 4946 
2777 4807 
2778 4199 
2779 4920 
2780 4686 
2781 4047 
2782 4512 4960 
2783 4991 
2784 4939 
2785 4462 
2786 4931 
2787 4739 
2788 4876 4966 4990 
2789 4987 
2790 4815 
2791 4903 4985 4214 4872 
2792 4953 4919 4116 4994 
2793 4995 
2794 3975 
2795 4971 4922 3006 
2796 4853 4223 4956 4888 
2797 4739 4872 4936 
2798 3965 
2799 4923 4946 4283 
2800 4963 
2801 4843 
2802 4807 
2803 4839 
2804 4810 
2805 4839 
2806 4849 
2807 4999 
2808 4897 
2809 3975 
2810 4881 
2811 4773 
2812 4926 
2813 4859 
2814 4939 
2815 4993 
2816 4963 
2817 4382 
2818 4853 
2819 4991 
2820 5000 
2821 4909 
2822 3988 
2823 4881 4872 
2824 4821 
2825 4994 
2826 4876 4998 
2827 4977 
2828 4933 
2829 4849 
2830 4914 
2831 4931 
2832 4860 4975 4998 
2833 4957 
2834 4635 
2835 4324 
2836 4953 
2837 4834 
2838 4985 4881 4860 
2839 4956 
2840 4265 
2841 4573 4853 
2842 4816 
2843 4990 
2844 4773 
2845 4903 
2846 4990 
2847 4821 
2848 4327 
2849 4759 
2850 4968 
2851 2570 
2852 4903 
2853 4795 
2854 4834 
2855 4710 
2856 4985 
2857 4945 
2858 4994 
2859 4919 
2860 4992 
2861 4948 
2862 4909 
2863 4993 
2864 4977 4833 4966 4165 
2865 4934 
2866 4949 
2867 4959 
2868 4720 
2869 4589 
2870 4512 
2871 3910 
2872 4962 
2873 4729 
2874 4996 
2875 4199 4936 4739 4934 
2876 4436 
2877 4853 
2878 4968 
2879 4265 4783 4923 
2880 4772 
2881 4808 
2882 4573 
2883 4934 
2884 4988 
2885 4983 
2886 4963 
2887 4839 
2888 4821 
2889 2570 
2890 4946 
2891 4893 
2892 4991 
2893 4579 
2894 3988 
2895 3988 
2896 4993 
2897 4970 
2898 4897 
2899 4903 
2900 4778 
2901 4977 
2902 4794 
2903 4983 
2904 3965 
2905 4739 
2906 4966 
2907 3152 
2908 4853 
2909 4816 
2910 4953 
2911 4997 
2912 4881 
2913 4923 
2914 4635 
2915 4327 
2916 4959 
2917 4897 
2918 3965 
2919 4982 
2920 4926 4421 4573 
2921 4881 
2922 4907 
2923 4978 
2924 4936 
2925 4881 4985 4926 4958 
2926 4816 
2927 4968 
2928 4971 
2929 3692 
2930 4635 
2931 4745 
2932 4815 
2933 4923 
2934 4970 
2935 4997 
2936 4710 
2937 4382 
2938 4786 
2939 4922 
2940 4971 
2941 4995 
2942 4199 4947 4314 4968 
2943 4933 
2944 4909 
2945 3152 
2946 2116 3432 
2947 4704 
2948 4704 
2949 4047 
2950 4787 
2951 4907 
2952 4860 
2953 4725 
2954 4604 
2955 4958 
2956 4994 
2957 4995 
2958 4949 4223 4971 4968 
2959 4512 
2960 4921 
2961 4165 
2962 4707 
2963 4704 
2964 4962 
2965 4954 
2966 4903 
2967 4797 
2968 4834 
2969 4816 
2970 4962 
2971 4914 
2972 4838 4214 
2973 4644 
2974 4324 4840 4720 
2975 4872 
2976 4982 
2977 4327 
2978 4982 
2979 4721 
2980 4949 
2981 4897 
2982 4957 
2983 4968 
2984 4996 
2985 4579 4725 4853 4948 
2986 4949 
2987 4994 
2988 4629 
2989 4933 
2990 4849 
2991 4584 
2992 4919 
2993 4926 
2994 4470 
2995 4521 
2996 4820 
2997 4971 
2998 4816 
2999 4954 4165 4909 
3000 4841 
3001 4966 
3002 4421 
3003 4778 
3004 4947 
3005 3006 4861 4573 4786 
3006 3006 
3007 4971 
3008 4490 
3009 4903 
3010 4704 
3011 4995 
3012 3628 
3013 4816 
3014 4881 
3015 4907 
3016 4949 
3017 4859 
3018 3692 
3019 4988 
3020 4830 
3021 4720 
3022 4704 4841 
3023 4903 
3024 4897 
3025 4960 
3026 4895 
3027 4314 
3028 4841 4881 
3029 4960 
3030 4954 
3031 4897 
3032 4977 
3033 4579 
3034 4265 
3035 4881 
3036 4512 
3037 4966 
3038 4948 
3039 4902 
3040 4710 
3041 4888 
3042 4436 
3043 4300 4922 4977 4953 4849 
3044 4903 
3045 4933 
3046 4990 
3047 4983 
3048 4968 
3049 4773 4807 
3050 4229 4839 4888 4579 
3051 4897 
3052 4953 
3053 4306 
3054 4214 
3055 4909 
3056 4994 4512 
3057 4456 
3058 4807 4573 4810 4821 4966 
3059 4116 
3060 4959 
3061 4720 
3062 4963 
3063 4462 
3064 4635 
3065 4936 
3066 4116 
3067 4739 
3068 4949 4306 4839 4739 4931 
3069 4922 
3070 4470 
3071 4966 4909 4959 
3072 4954 
3073 4436 
3074 4948 
3075 4838 
3076 4997 
3077 4794 
3078 4223 
3079 4314 
3080 4729 
3081 4971 
3082 4421 4954 4116 4983 4795 
3083 4853 
3084 4490 
3085 4841 
3086 4947 
3087 4931 
3088 4833 
3089 4853 
3090 4888 
3091 4968 
3092 4994 
3093 4977 
3094 4849 
3095 4834 
3096 4960 
3097 4931 
3098 4455 4199 4951 
3099 4644 
3100 4721 
3101 4995 
3102 4951 
3103 4704 
3104 4993 
3105 4721 
3106 4968 
3107 4849 
3108 4947 
3109 4047 
3110 4897 
3111 4853 
3112 4382 
3113 4951 
3114 4861 
3115 4490 
3116 4996 
3117 4897 
3118 4725 
3119 4893 
3120 3120 
3121 4897 
3122 4968 4843 4951 
3123 4982 
3124 4787 
3125 4521 
3126 4895 
3127 4469 
3128 4996 
3129 4948 
3130 4999 
3131 4953 
3132 4988 
3133 4807 
3134 4773 
3135 4975 
3136 4759 
3137 4844 
3138 4843 
3139 4843 
3140 4773 
3141 4710 
3142 4843 
3143 4907 
3144 4968 
3145 4820 
3146 4907 
3147 4773 
3148 4849 
3149 4843 
3150 4954 
3151 4893 
3152 3152 
3153 4977 
3154 4903 
3155 4987 
3156 4985 
3157 4970 
3158 4455 
3159 4787 
3160 4933 
3161 4993 
3162 4985 
3163 4490 
3164 4853 
3165 4686 
3166 3965 
3167 4629 
3168 3965 
3169 4872 
3170 4456 
3171 4985 
3172 4512 
3173 4872 
3174 4584 
3175 4971 
3176 4897 4907 4920 
3177 4876 
3178 4978 
3179 4512 4888 4897 
3180 4229 
3181 3152 
3182 4960 
3183 4949 
3184 4834 
3185 4808 
3186 4165 
3187 4983 
3188 4921 
3189 4047 
3190 4939 
3191 4926 
3192 4797 
3193 4962 
3194 4921 3965 4881 4954 
3195 4816 
3196 4810 
3197 4872 
3198 4971 
3199 4329 
3200 4834 4994 4629 4787 4849 
3201 4958 
3202 3692 4881 4963 
3203 4834 
3204 4951 
3205 4725 
3206 4968 
3207 4962 
3208 4306 4512 4773 4983 4982 
3209 4962 
3210 4925 
3211 4988 
3212 3120 4821 4996 4462 
3213 4456 
3214 4820 
3215 4998 
3216 3915 
3217 4411 
3218 4589 
3219 4907 
3220 4686 
3221 4985 
3222 4778 
3223 4462 
3224 4968 
3225 4954 
3226 4860 
3227 4914 
3228 4931 4327 
3229 4573 
3230 4931 
3231 4795 
3232 4991 
3233 4644 4971 4329 4883 
3234 4971 
3235 4998 
3236 4838 4704 4629 4739 4725 4994 
3237 4786 
3238 4411 
3239 4841 
3240 4686 4807 4914 
3241 4921 
3242 4773 
3243 4772 
3244 4838 
3245 4839 
3246 4994 4997 3988 4883 
3247 4933 
3248 4968 
3249 4729 
3250 4990 
3251 4897 
3252 4834 
3253 4960 4921 4970 4579 
3254 4300 
3255 4820 
3256 4903 
3257 4975 
3258 4958 
3259 4300 
3260 4897 
3261 4306 
3262 4710 3120 
3263 4807 
3264 4725 
3265 4953 
3266 4300 4998 
3267 4949 
3268 4996 4881 4721 5000 4306 4895 
3269 4971 
3270 4951 
3271 4521 
3272 4970 
3273 4987 
3274 4907 
3275 4810 
3276 4820 
3277 4888 
3278 3432 2116 
3279 4710 
3280 3988 4739 4903 4923 4982 4996 
3281 4047 
3282 4629 
3283 4382 
3284 4512 
3285 4997 
3286 4988 4306 4957 
3287 3006 4300 
3288 4960 
3289 4512 
3290 4774 
3291 4966 
3292 4971 
3293 4860 
3294 4838 4840 4306 
3295 4971 
3296 4843 
3297 4881 
3298 4977 
3299 4992 
3300 4807 
3301 3692 
3302 4949 
3303 4860 
3304 4704 
3305 4872 4919 4897 4951 4975 
3306 4783 
3307 4934 
3308 4843 
3309 4783 
3310 4876 
3311 4914 
3312 4498 
3313 4411 
3314 4772 4579 4704 4975 4931 
3315 4830 
3316 4604 
3317 4958 
3318 4977 
3319 4991 
3320 4926 
3321 4739 
3322 4807 
3323 4512 
3324 4989 
3325 4971 
3326 4920 
3327 4926 
3328 4629 
3329 4839 
3330 4265 
3331 4954 
3332 4958 
3333 4838 
3334 4947 
3335 4861 
3336 4498 
3337 4642 
3338 4968 
3339 4815 
3340 4759 
3341 4985 
3342 4956 
3343 4839 
3344 4994 3006 
3345 4993 
3346 4907 
3347 4956 
3348 4229 4306 
3349 4987 
3350 4897 
3351 4989 
3352 4897 
3353 4512 
3354 4707 
3355 4997 
3356 4953 
3357 4165 
3358 4947 
3359 4985 
3360 4816 
3361 4954 
3362 4047 
3363 4629 
3364 4987 
3365 4773 
3366 4939 
3367 4838 
3368 4914 
3369 4773 
3370 4987 
3371 4300 
3372 4807 
3373 4962 
3374 4966 
3375 4436 
3376 4787 
3377 4411 
3378 4642 
3379 4975 
3380 4861 
3381 4710 
3382 4939 
3383 4936 
3384 4265 
3385 4306 
3386 4956 
3387 4929 
3388 4859 
3389 4978 
3390 4982 
3391 4573 
3392 4977 
3393 4199 
3394 4872 
3395 3910 
3396 4992 4710 4939 
3397 4999 
3398 4861 
3399 4893 
3400 3975 
3401 4573 
3402 4725 
3403 4772 
3404 3910 
3405 4512 
3406 4498 4978 4725 4807 
3407 3975 3120 
3408 4966 
3409 4840 
3410 4860 
3411 4996 
3412 4881 
3413 4860 
3414 5000 
3415 4933 
3416 4933 
3417 4922 
3418 4324 
3419 4888 
3420 4720 
3421 4956 
3422 4720 
3423 4849 
3424 4721 
3425 4951 
3426 4584 
3427 4947 
3428 4807 
3429 4914 
3430 4962 
3431 4787 
3432 3432 2116 
3433 4987 
3434 4958 
3435 4931 
3436 4959 
3437 4914 
3438 4914 
3439 4772 4923 4469 
3440 4629 
3441 4815 
3442 4968 
3443 4834 
3444 4893 
3445 4686 
3446 4876 
3447 4903 
3448 4953 
3449 4816 
3450 4512 
3451 4881 
3452 4739 
3453 4881 
3454 4985 
3455 4960 
3456 4945 
3457 4982 
3458 4962 
3459 4954 
3460 4849 
3461 4853 
3462 4861 
3463 4834 
3464 4324 
3465 4490 
3466 4759 
3467 4786 
3468 4985 4987 
3469 4327 
3470 4725 
3471 3628 
3472 4773 4436 4987 
3473 4983 
3474 4710 
3475 4849 
3476 4954 
3477 4960 
3478 4893 
3479 4929 
3480 4971 
3481 4759 
3482 4939 
3483 4839 
3484 4946 
3485 4970 
3486 4629 
3487 4604 
3488 4721 
3489 4987 
3490 4861 
3491 4995 
3492 4455 
3493 4992 
3494 4985 
3495 4987 
3496 4926 
3497 3915 
3498 4794 
3499 4165 
3500 4721 
3501 4810 
3502 4872 
3503 4816 
3504 4991 
3505 4589 
3506 4283 
3507 4859 
3508 4997 
3509 4629 
3510 4914 
3511 4985 
3512 4995 
3513 4953 
3514 4971 
3515 3975 4773 4968 4931 4962 
3516 4838 
3517 4934 
3518 4923 
3519 4725 
3520 4978 
3521 4971 
3522 4983 
3523 4968 
3524 4970 
3525 4895 
3526 4787 
3527 4926 
3528 4996 
3529 4966 
3530 4872 
3531 4710 
3532 5000 
3533 4229 
3534 4978 
3535 4382 4795 4686 
3536 4990 
3537 4975 
3538 4971 
3539 4382 
3540 4861 
3541 4966 
3542 4821 
3543 4997 
3544 4960 
3545 4951 
3546 4983 
3547 4945 
3548 4934 
3549 4934 
3550 4816 4991 3152 
3551 4902 
3552 4997 
3553 4707 
3554 4987 
3555 4945 
3556 4933 
3557 3432 4686 4839 4843 
3558 4807 
3559 4710 
3560 4925 
3561 4977 4644 
3562 4306 
3563 4833 
3564 4934 
3565 4959 
3566 4283 
3567 4306 
3568 4462 
3569 4953 
3570 4968 
3571 4455 
3572 4998 
3573 4931 
3574 4975 
3575 4922 
3576 4421 
3577 4739 
3578 4644 
3579 4808 
3580 4720 
3581 4490 
3582 4841 
3583 4933 
3584 4903 
3585 4895 
3586 4919 
3587 4573 
3588 4306 
3589 4745 
3590 4970 
3591 4934 
3592 4954 
3593 4739 
3594 4963 
3595 4844 
3596 4977 
3597 4897 
3598 4704 4739 4958 3975 4946 
3599 3120 
3600 4992 
3601 4945 
3602 4306 4462 
3603 4229 4985 
3604 4721 4956 
3605 4995 
3606 4995 
3607 4881 
3608 4223 4925 
3609 4455 
3610 4977 
3611 4223 
3612 4883 
3613 4838 
3614 4808 
3615 4843 
3616 4934 4883 
3617 4521 
3618 4470 
3619 4991 
3620 4573 4772 4710 4808 
3621 4644 
3622 4963 
3623 4971 
3624 4787 
3625 4707 
3626 4876 
3627 4490 
3628 3628 
3629 4859 
3630 4960 
3631 4306 
3632 4490 
3633 4795 4838 4834 4047 4872 
3634 4710 
3635 4759 
3636 4411 
3637 4797 
3638 4807 
3639 4872 
3640 4971 4324 4838 
3641 4820 
3642 4725 
3643 4841 
3644 4821 
3645 4720 
3646 4841 
3647 4644 
3648 4469 
3649 4921 
3650 4903 
3651 4888 
3652 4921 
3653 4946 
3654 4993 
3655 4971 4990 4902 
3656 4939 
3657 4229 4860 5000 
3658 4808 
3659 4786 
3660 3692 
3661 4957 
3662 4861 
3663 4795 
3664 4795 
3665 4956 
3666 4411 
3667 4934 
3668 4902 
3669 4996 
3670 4411 
3671 4994 
3672 4975 
3673 4859 
3674 4773 
3675 4838 
3676 4720 4300 4951 
3677 4720 4229 4994 4923 
3678 4966 
3679 4421 
3680 4949 4997 
3681 3910 
3682 4314 
3683 4838 4997 
3684 4787 
3685 4860 3965 4962 
3686 4759 
3687 4584 
3688 4795 
3689 4815 
3690 4710 
3691 4849 
3692 3692 
3693 4968 
3694 4872 
3695 4907 
3696 4820 
3697 4970 
3698 4933 
3699 4997 
3700 4931 
3701 4988 
3702 4707 
3703 4949 4329 
3704 3152 4997 
3705 4720 
3706 4933 
3707 4931 
3708 4881 4844 
3709 4920 
3710 4808 
3711 4978 
3712 4469 
3713 4860 
3714 3988 4985 4968 
3715 4991 
3716 4436 
3717 4725 
3718 5000 
3719 4983 
3720 4895 4849 
3721 4996 
3722 4573 
3723 4199 
3724 4966 
3725 4958 
3726 4948 
3727 4462 
3728 4644 
3729 4991 
3730 4994 
3731 4462 4838 4993 
3732 4849 4914 3692 
3733 4909 
3734 4165 
3735 3120 
3736 4960 
3737 4314 
3738 4959 
3739 4876 
3740 4498 
3741 4795 
3742 4926 
3743 4903 
3744 4895 
3745 3628 
3746 4933 
3747 4820 
3748 4604 
3749 4853 
3750 4720 
3751 4933 
3752 4883 
3753 4953 
3754 4977 
3755 4951 
3756 4998 
3757 4914 4816 
3758 4921 
3759 4977 
3760 4957 
3761 4893 
3762 3152 
3763 4958 
3764 4954 
3765 4839 
3766 4988 
3767 4995 4951 
3768 4838 
3769 4893 
3770 4584 
3771 4579 
3772 4888 
3773 4975 
3774 4966 
3775 4888 
3776 4971 
3777 4888 
3778 4985 4929 4710 
3779 4469 
3780 4951 
3781 4933 
3782 4993 
3783 4998 
3784 4165 
3785 4989 
3786 4929 
3787 4968 
3788 5000 
3789 4739 
3790 4704 
3791 4849 
3792 4810 
3793 2570 4956 4994 
3794 4840 
3795 4872 
3796 4821 
3797 4963 
3798 4936 
3799 4897 
3800 4987 
3801 4739 
3802 4838 
3803 4968 
3804 4816 
3805 4436 
3806 4920 
3807 4987 
3808 4849 
3809 4881 
3810 4963 
3811 4579 
3812 4926 
3813 4795 
3814 4888 
3815 4996 
3816 4958 
3817 4725 
3818 4975 
3819 4629 
3820 4946 
3821 4810 
3822 4977 
3823 4939 
3824 4839 
3825 4573 
3826 4710 
3827 4954 
3828 4838 
3829 4455 
3830 4991 
3831 4953 
3832 4954 
3833 4959 
3834 4199 
3835 4951 
3836 4821 
3837 4949 
3838 4300 
3839 4807 
3840 5000 
3841 4759 
3842 4888 
3843 4807 
3844 4839 
3845 4958 
3846 4970 
3847 4939 
3848 4970 
3849 4838 
3850 4773 
3851 4739 4959 4947 
3852 4783 
3853 4834 
3854 4116 
3855 4881 
3856 4859 
3857 4897 
3858 4838 
3859 4897 
3860 4165 
3861 4921 
3862 4778 
3863 4783 
3864 4934 
3865 4861 
3866 4455 
3867 4897 
3868 4936 
3869 4840 
3870 4629 
3871 4849 
3872 4840 
3873 4983 
3874 4990 
3875 4903 
3876 4821 
3877 4794 
3878 4936 
3879 4982 
3880 4888 4635 4988 
3881 4931 
3882 4720 
3883 4834 
3884 4903 
3885 4686 
3886 4947 4795 4778 
3887 4872 
3888 4787 
3889 4956 
3890 4966 
3891 4948 
3892 4707 
3893 4223 
3894 4759 
3895 4329 
3896 4844 
3897 4946 
3898 4861 
3899 4997 4996 
3900 4710 
3901 4934 
3902 4834 
3903 4573 
3904 4909 
3905 4223 
3906 4739 4977 4959 
3907 4306 
3908 4962 
3909 4853 4199 4786 
3910 3910 
3911 4830 
3912 4914 
3913 4774 
3914 4958 
3915 3915 4421 
3916 4999 
3917 4584 
3918 4838 
3919 4945 
3920 4968 
3921 4421 
3922 4839 
3923 4959 
3924 4888 
3925 4629 4951 4795 
3926 4783 
3927 4810 
3928 4745 
3929 4983 
3930 4977 
3931 4635 
3932 4939 
3933 4947 
3934 4960 
3935 4773 
3936 4707 4958 
3937 4810 
3938 4968 
3939 4773 
3940 4947 
3941 4923 
3942 4960 
3943 4876 
3944 4774 
3945 4968 4949 4773 
3946 4933 
3947 4982 
3948 4861 
3949 4957 
3950 4994 
3951 4953 
3952 4872 4838 4963 
3953 4992 
3954 4926 
3955 4223 
3956 4945 
3957 4987 
3958 4960 
3959 4945 
3960 4919 
3961 4925 
3962 4573 
3963 4314 
3964 4926 
3965 3965 
3966 4629 
3967 4859 4881 
3968 4838 
3969 4966 
3970 4968 
3971 4853 4989 4998 
3972 4959 4710 4635 4948 
3973 4462 
3974 4999 
3975 3975 
3976 4721 
3977 4604 
3978 4838 
3979 4982 
3980 4939 
3981 4849 
3982 4774 
3983 4807 3910 4947 
3984 4996 
3985 4421 
3986 4821 
3987 4797 
3988 3988 
3989 4909 4951 4993 
3990 4229 
3991 4939 
3992 4990 
3993 4306 
3994 4971 4925 4966 
3995 4958 
3996 4997 
3997 4945 
3998 4895 
3999 4772 
4000 4990 
4001 4849 
4002 4165 4512 4998 4907 
4003 4945 
4004 4635 
4005 4923 
4006 4995 
4007 4229 
4008 4745 
4009 4992 
4010 4994 
4011 4527 
4012 4725 
4013 5000 
4014 4949 
4015 4960 
4016 4920 
4017 4810 3692 4773 
4018 4773 4895 4795 
4019 4968 4838 4948 
4020 4953 
4021 4982 
4022 4229 4960 4772 4948 
4023 4926 
4024 4840 
4025 3152 
4026 4839 
4027 4977 
4028 4954 
4029 4995 
4030 4978 
4031 4936 
4032 4956 
4033 4956 4840 4883 
4034 4853 
4035 4926 
4036 4956 
4037 4629 
4038 4838 
4039 4745 
4040 4956 
4041 4968 
4042 3628 4773 4922 4957 4971 
4043 4895 
4044 4922 
4045 4816 
4046 4820 
4047 4047 
4048 4959 
4049 4642 
4050 4966 
4051 4838 4808 4936 4975 
4052 4881 
4053 4897 
4054 4963 
4055 4821 
4056 4958 
4057 4165 
4058 4956 
4059 4996 
4060 5000 
4061 5000 
4062 4116 
4063 4644 
4064 4993 
4065 4840 
4066 4971 
4067 4830 
4068 4456 
4069 4807 
4070 4993 
4071 4936 
4072 4994 
4073 4933 
4074 4953 
4075 4199 
4076 4306 
4077 4893 
4078 4849 
4079 4816 
4080 4957 
4081 4949 
4082 4704 
4083 4214 
4084 4893 
4085 4306 
4086 4982 
4087 4807 
4088 4936 
4089 4994 
4090 4807 
4091 4808 
4092 4960 
4093 4872 4956 4810 
4094 4830 
4095 4903 
4096 4951 
4097 4914 4971 4925 4975 
4098 4725 
4099 4794 
4100 4306 
4101 4983 
4102 4861 
4103 4971 
4104 4861 
4105 4300 
4106 4773 
4107 3965 
4108 4948 
4109 4772 
4110 4947 
4111 4966 4329 4957 4860 
4112 4859 
4113 4861 
4114 4897 
4115 4962 
4116 4116 
4117 4589 
4118 4721 
4119 4821 4951 4816 4830 4991 
4120 4165 
4121 4902 
4122 4966 4116 4994 4987 
4123 4629 
4124 4883 
4125 4521 
4126 4853 
4127 3692 
4128 4710 
4129 4997 
4130 4844 
4131 4498 5000 4977 4934 4936 
4132 4954 
4133 4745 
4134 4997 
4135 4314 
4136 4975 
4137 4815 
4138 4642 
4139 4998 
4140 4934 
4141 4914 
4142 4840 
4143 4456 4971 4963 4710 
4144 3006 3152 4838 4895 4883 
4145 4975 
4146 4954 
4147 4329 
4148 4907 
4149 4994 
4150 4584 
4151 4834 
4152 3915 4421 
4153 4841 
4154 4987 
4155 4853 
4156 3628 
4157 4997 
4158 4783 
4159 4946 
4160 4739 
4161 4773 
4162 4860 
4163 4983 
4164 4739 
4165 4165 
4166 4888 
4167 4642 
4168 4436 
4169 4992 
4170 4720 4951 4987 4786 
4171 4903 
4172 4962 
4173 4888 
4174 4897 
4175 4997 
4176 4821 
4177 4579 
4178 4923 
4179 4772 4834 4725 4992 
4180 4229 
4181 3975 
4182 4725 
4183 4994 
4184 4821 
4185 4589 
4186 4956 
4187 4849 4704 4985 4929 4994 
4188 4821 
4189 4897 
4190 4975 
4191 4861 
4192 4995 4958 4926 4968 4329 4996 
4193 4925 
4194 4787 
4195 4931 4686 4985 4810 
4196 4949 
4197 4314 
4198 4990 
4199 4199 
4200 4929 
4201 4411 
4202 4853 
4203 4987 
4204 4994 
4205 4849 
4206 4968 
4207 4920 
4208 4957 
4209 4956 
4210 2570 4604 4787 4876 4907 
4211 4787 
4212 4720 
4213 4978 
4214 4214 
4215 4773 
4216 4843 
4217 4907 
4218 4996 
4219 4490 
4220 4821 
4221 4759 
4222 4579 
4223 4223 
4224 4978 
4225 4787 4881 4816 4995 4975 
4226 4629 
4227 4815 
4228 4902 
4229 4229 
4230 4931 
4231 4324 
4232 4971 
4233 4686 
4234 4739 
4235 4849 
4236 4987 4573 4490 4977 4926 4936 
4237 4966 
4238 4047 
4239 4773 4838 4996 4949 4982 
4240 4859 
4241 4859 
4242 4914 
4243 4774 
4244 4914 
4245 4710 
4246 4778 
4247 4214 4897 4853 4959 4914 4919 
4248 4936 
4249 4876 
4250 4914 
4251 4821 
4252 4933 
4253 4116 
4254 4840 
4255 4951 
4256 4977 
4257 4960 
4258 4962 
4259 4936 
4260 4721 
4261 4933 
4262 4629 
4263 4909 
4264 4876 
4265 4265 
4266 4876 
4267 4872 
4268 4951 
4269 4820 
4270 4707 
4271 4306 
4272 4629 
4273 4971 
4274 4199 
4275 4839 
4276 3975 
4277 4816 
4278 4951 
4279 4881 
4280 4968 
4281 4951 
4282 4860 
4283 4283 
4284 4223 
4285 4839 
4286 4992 
4287 4635 
4288 4047 
4289 4797 
4290 4933 
4291 4589 
4292 4975 
4293 4922 4704 4983 4920 4971 
4294 4957 
4295 4897 
4296 4992 
4297 4960 
4298 4936 
4299 4970 
4300 4300 
4301 4833 
4302 4797 
4303 4995 
4304 4993 
4305 4939 
4306 4306 
4307 4962 
4308 4469 
4309 4989 
4310 4990 
4311 4739 
4312 4934 4987 4921 4707 4970 
4313 4996 
4314 4314 
4315 4902 4907 4991 4929 4909 
4316 4579 
4317 4925 
4318 4994 
4319 4199 
4320 4853 
4321 4977 
4322 4265 
4323 4934 
4324 4324 
4325 4834 4933 4888 4987 4830 
4326 4994 
4327 4327 
4328 4971 
4329 4329 
4330 4849 
4331 4966 
4332 4635 
4333 4686 
4334 4314 
4335 4946 
4336 4783 
4337 4959 
4338 4838 
4339 4199 
4340 4265 4861 4949 4919 4786 
4341 4971 
4342 4977 
4343 4983 
4344 4988 
4345 4861 
4346 4849 
4347 4993 
4348 4265 
4349 4920 
4350 4573 4897 4773 4821 3910 4314 
4351 4635 
4352 4971 4324 4589 4926 4959 
4353 4971 
4354 4959 
4355 4462 
4356 4934 4933 4223 4815 4962 
4357 4902 
4358 4807 
4359 4872 
4360 4963 
4361 4306 
4362 4584 
4363 4584 
4364 4881 
4365 4644 
4366 4774 
4367 4949 
4368 4635 
4369 4939 
4370 4462 
4371 4579 
4372 4844 
4373 4787 
4374 4306 
4375 4977 
4376 4994 
4377 4971 
4378 4229 
4379 4872 
4380 4759 4939 4999 4970 4951 
4381 4971 
4382 4382 
4383 4872 
4384 4834 
4385 4996 
4386 4872 4329 4888 4794 4707 4939 
4387 4959 
4388 4797 
4389 4815 
4390 4914 
4391 4929 
4392 4629 
4393 4948 
4394 4834 
4395 4861 
4396 4966 
4397 4881 
4398 4978 
4399 4807 
4400 4881 4629 4990 4783 4982 
4401 4629 
4402 4963 
4403 4951 
4404 4936 
4405 4931 4958 4996 4830 
4406 4975 
4407 4844 
4408 4834 
4409 4959 
4410 4306 
4411 4411 
4412 4816 
4413 4849 
4414 4926 
4415 4994 
4416 4872 
4417 4962 
4418 4951 
4419 4934 
4420 4962 
4421 4421 3915 
4422 4991 
4423 4920 
4424 4759 
4425 4888 
4426 4329 
4427 4998 
4428 4934 
4429 4949 
4430 4834 
4431 4922 
4432 4931 
4433 4995 
4434 4314 
4435 4992 
4436 4436 
4437 4470 
4438 4949 
4439 4512 
4440 4773 
4441 4971 
4442 4787 
4443 4382 
4444 4629 4966 4411 4498 4729 4962 
4445 4921 
4446 4987 
4447 4314 
4448 4795 
4449 4838 4604 4579 4947 4985 
4450 4739 
4451 4909 
4452 4579 
4453 4876 
4454 4934 
4455 4455 
4456 4456 
4457 4934 
4458 4897 
4459 4925 
4460 4725 
4461 4947 
4462 4462 
4463 4939 
4464 4996 
4465 4729 
4466 4989 
4467 4778 
4468 4996 
4469 4469 
4470 4470 
4471 4786 
4472 4729 
4473 4849 
4474 4947 4997 4047 4725 4720 
4475 4925 
4476 4933 4990 4947 4931 4704 4860 4897 
4477 4947 
4478 4922 
4479 4914 
4480 4773 4704 4951 4786 4783 
4481 4644 4893 4795 5000 4833 
4482 4214 
4483 4229 933 4300 4773 4834 4959 
4484 4966 
4485 4456 
4486 4853 
4487 4947 4725 4861 4957 4778 
4488 4926 
4489 4456 
4490 4490 
4491 4573 4838 4795 4786 4992 
4492 4794 
4493 4909 5000 4939 4849 4920 4888 
4494 4839 
4495 4721 4987 4921 4971 4951 
4496 4573 4772 4872 4949 4859 4960 
4497 4810 
4498 4498 
4499 4956 
4500 4844 
4501 4933 
4502 4490 
4503 4926 
4504 4996 
4505 4994 
4506 4914 
4507 4849 
4508 4963 
4509 4999 
4510 4830 
4511 4947 
4512 4512 
4513 4949 
4514 4783 4948 4786 4934 4902 
4515 3910 
4516 4960 4579 4936 4957 4794 
4517 4816 
4518 4635 
4519 4786 
4520 4989 
4521 4521 
4522 4982 
4523 4953 
4524 4994 
4525 4833 
4526 4907 
4527 4527 
4528 4821 
4529 4830 
4530 4314 
4531 4629 
4532 4999 
4533 4933 
4534 4926 
4535 4759 
4536 4849 
4537 4962 
4538 4704 
4539 4951 
4540 4579 
4541 4807 
4542 4970 
4543 4995 
4544 4872 
4545 4946 
4546 4778 
4547 4926 
4548 4978 
4549 4283 
4550 4283 
4551 4903 
4552 3910 
4553 4881 
4554 4759 
4555 4957 
4556 4635 
4557 4991 
4558 4951 
4559 4975 
4560 4573 
4561 4329 
4562 4936 
4563 4872 
4564 4931 
4565 4888 
4566 4987 
4567 4997 
4568 4795 
4569 4985 
4570 4710 
4571 4745 
4572 4778 4861 4949 4989 4954 
4573 4573 
4574 4939 
4575 4834 4921 4977 4897 4960 4456 
4576 4919 
4577 4739 4939 4521 4300 4876 4584 
4578 4573 
4579 4579 
4580 4953 
4581 4686 
4582 4897 4960 4306 4810 4902 4988 
4583 4773 
4584 4584 
4585 4897 
4586 4989 
4587 4849 
4588 4922 
4589 4589 
4590 4834 
4591 4710 
4592 4783 
4593 4859 
4594 4223 
4595 4786 
4596 4834 
4597 4987 
4598 4989 
4599 4794 
4600 4787 
4601 4994 
4602 4903 
4603 4841 
4604 4604 
4605 4844 
4606 4821 
4607 4947 4920 4946 4988 4759 4909 
4608 4983 
4609 4966 
4610 4982 
4611 4795 
4612 4795 
4613 4991 
4614 4223 
4615 4983 
4616 4853 
4617 4995 
4618 4960 
4619 4929 
4620 4934 
4621 4934 
4622 4839 
4623 4573 
4624 4957 
4625 4945 
4626 4773 
4627 4897 
4628 4859 
4629 4629 
4630 4957 
4631 4725 
4632 4840 
4633 4926 
4634 4830 
4635 4635 
4636 4987 
4637 4946 
4638 4994 
4639 4903 
4640 4773 
4641 4954 
4642 4642 
4643 3915 4975 4983 4199 4990 
4644 4644 4960 
4645 4902 
4646 4958 
4647 4977 
4648 4815 
4649 4977 
4650 4926 
4651 4872 4947 4902 4306 4849 4970 
4652 4914 
4653 4971 
4654 4985 
4655 4844 
4656 4816 
4657 4985 
4658 4997 
4659 4966 
4660 4881 
4661 4629 
4662 4527 
4663 4893 
4664 4710 
4665 4840 
4666 4462 
4667 4787 
4668 4903 
4669 4786 
4670 4934 
4671 4839 
4672 4951 
4673 4997 4897 4975 4996 4931 
4674 4953 
4675 4816 
4676 4860 
4677 4573 
4678 4966 
4679 4704 
4680 4921 
4681 4970 
4682 4920 
4683 4953 4922 4960 4939 4999 4833 
4684 4859 
4685 4959 
4686 4686 
4687 3965 4897 4914 4687 4983 4838 
4688 4945 
4689 4926 
4690 4729 
4691 4903 
4692 4720 
4693 4853 
4694 4957 
4695 4841 
4696 4707 
4697 4975 
4698 4997 
4699 4958 
4700 4820 4324 4199 4300 4283 4954 
4701 4953 
4702 4953 
4703 4971 
4704 4704 
4705 4954 
4706 4707 
4707 4707 
4708 4795 
4709 4710 
4710 4710 
4711 4953 
4712 4997 
4713 4957 
4714 4883 
4715 4953 
4716 4987 
4717 4490 4998 4897 4997 4966 4929 
4718 4968 
4719 4975 
4720 4720 
4721 4721 
4722 4644 
4723 4773 
4724 4962 
4725 4725 
4726 4795 
4727 4816 
4728 4966 
4729 4729 
4730 4948 
4731 4897 4971 4573 4909 4861 
4732 4971 
4733 4945 
4734 4962 
4735 4996 
4736 4939 
4737 4872 
4738 4977 
4739 4739 
4740 4990 
4741 4993 
4742 4907 
4743 4914 
4744 4977 4527 4704 4843 4888 4919 
4745 4745 
4746 4953 
4747 4816 3152 4893 4861 4849 4329 
4748 4881 
4749 4996 
4750 4888 
4751 4573 4992 4223 4462 4579 4990 
4752 4933 
4753 4934 
4754 4773 
4755 4797 
4756 4951 
4757 4959 
4758 4988 
4759 4759 
4760 4872 
4761 4838 
4762 4833 
4763 4959 
4764 4954 
4765 4909 
4766 4945 
4767 4968 
4768 4844 
4769 4902 
4770 4860 4116 4977 4962 4914 4838 
4771 4939 
4772 4772 
4773 4773 
4774 4774 
4775 4926 
4776 4629 4490 4957 4922 4923 
4777 4919 
4778 4778 
4779 4521 4995 4933 4644 4994 4907 
4780 4968 
4781 4926 
4782 4807 
4783 4783 
4784 4931 
4785 4888 
4786 4786 
4787 4787 
4788 4990 
4789 4772 
4790 4982 
4791 4934 
4792 4945 
4793 4951 
4794 4794 
4795 4795 
4796 4907 
4797 4797 
4798 4954 
4799 4977 5000 4306 4584 4893 4948 
4800 4783 
4801 4994 
4802 4635 
4803 4970 
4804 4962 
4805 4810 4704 4994 4498 4306 4815 
4806 4642 4939 4861 4934 4841 4960 
4807 4807 
4808 4808 
4809 4821 
4810 4810 
4811 4710 
4812 4925 
4813 4795 
4814 4946 
4815 4815 
4816 4816 
4817 4951 
4818 4949 
4819 4945 
4820 4820 
4821 4821 
4822 4860 4704 4876 4223 4971 4968 
4823 4897 
4824 4815 4772 4265 4971 4923 4936 
4825 4997 
4826 4860 
4827 4995 
4828 4951 
4829 4982 
4830 4830 
4831 4853 
4832 4987 
4833 4833 
4834 4834 
4835 4959 
4836 4786 
4837 4960 
4838 4838 
4839 4839 
4840 4840 
4841 4841 
4842 4998 
4843 4843 
4844 4844 
4845 4977 
4846 4989 
4847 5000 
4848 4897 
4849 4849 
4850 4953 
4851 4999 
4852 4975 
4853 4853 
4854 4996 
4855 4990 
4856 4839 4977 4947 4872 4469 4815 
4857 4939 
4858 4710 
4859 4859 
4860 4860 
4861 4861 
4862 4934 4861 4881 3975 4725 4945 
4863 4849 
4864 4936 
4865 4839 4834 4778 4960 4844 4990 
4866 4947 4975 
4867 4821 4223 4411 4759 4725 4953 
4868 4956 
4869 4975 4462 4997 4589 4989 
4870 4629 4971 4843 4966 4994 4314 
4871 4991 3965 4951 4947 4849 4820 
4872 4872 
4873 4853 
4874 4959 
4875 4923 
4876 4876 
4877 4810 
4878 4907 
4879 4888 
4880 4951 
4881 4881 
4882 4849 
4883 4883 
4884 3975 4909 
4885 4903 
4886 4872 4987 4644 4635 4949 4946 
4887 4853 
4888 4888 
4889 4710 
4890 4521 4985 4996 4962 4629 4990 
4891 4165 4783 4907 4421 4962 4990 
4892 4954 
4893 4893 
4894 4982 
4895 4895 
4896 4949 
4897 4897 
4898 4957 
4899 4929 
4900 4947 4985 4859 4644 4968 4960 
4901 4992 
4902 4902 
4903 4903 
4904 4903 
4905 4933 
4906 4993 
4907 4907 
4908 4959 
4909 4909 
4910 4926 
4911 4923 
4912 4970 
4913 4995 
4914 4914 
4915 4893 4773 4907 4527 4833 4946 
4916 4816 
4917 4907 
4918 4951 
4919 4919 4970 
4920 4920 
4921 4921 
4922 4922 
4923 4923 
4924 4966 
4925 4925 
4926 4926 
4927 4985 4881 4853 4888 4834 4223 
4928 4897 4903 4807 4947 4498 4966 
4929 4929 
4930 4999 
4931 4931 
4932 4327 4985 4821 4994 4977 4966 
4933 4933 
4934 4934 
4935 4962 
4936 4936 
4937 4996 
4938 4903 
4939 4939 
4940 4897 
4941 4808 4283 4897 4821 4933 4795 
4942 4975 
4943 4739 4456 4947 4919 4283 4994 
4944 4968 
4945 4945 
4946 4946 
4947 4947 4919 4994 
4948 4948 
4949 4949 
4950 4990 
4951 4951 
4952 4939 
4953 4953 
4954 4954 
4955 4936 
4956 4956 
4957 4957 
4958 4958 
4959 4959 
4960 4960 
4961 4951 
4962 4962 
4963 4963 
4964 4994 
4965 4949 
4966 4966 
4967 4991 4838 4948 4573 4834 4920 
4968 4968 
4969 4999 
4970 4970 
4971 4971 
4972 4859 4897 4977 4816 4808 4844 
4973 4949 4881 4921 4876 4998 
4974 4987 
4975 4975 
4976 4962 
4977 4977 
4978 4978 
4979 4970 
4980 4989 
4981 4966 4926 4953 4909 4893 4925 
4982 4982 
4983 4983 
4984 4939 
4985 4985 
4986 4993 
4987 4987 
4988 4988 4686 
4989 4989 
4990 4990 
4991 4991 
4992 4992 
4993 4993 
4994 4994 
4995 4995 
4996 4996 
4997 4997 
4998 4998 
4999 4999 
5000 5000 4881 
