1 4748 
2 4705 
3 4946 
4 4913 
5 4847 
6 4873 
7 4966 4978 
8 4979 
9 4959 
10 4953 4277 
11 3988 
12 4803 
13 4883 
14 4928 
15 4896 
16 4991 
17 4803 
18 4976 
19 4966 4976 
20 4979 
21 4530 
22 4940 4810 
23 4277 
24 4673 
25 4967 
26 3334 
27 4966 
28 4877 
29 4961 
30 4972 
31 4946 
32 4904 
33 4930 
34 4994 
35 4766 
36 4876 
37 4866 
38 4986 
39 4582 4928 
40 4945 
41 4971 4805 4913 
42 4939 
43 4441 4866 
44 4913 
45 4511 
46 4940 
47 4902 
48 4756 
49 4856 
50 4511 
51 4993 
52 4994 
53 4959 
54 4984 
55 4663 
56 4277 
57 4772 
58 4928 
59 4933 
60 4803 4441 
61 4488 
62 4864 4760 
63 4946 4966 4705 
64 4959 
65 4956 
66 4997 
67 4938 
68 4766 
69 4973 
70 4939 
71 4688 
72 4742 
73 4884 
74 4956 
75 4953 4459 4987 
76 4705 4867 
77 4866 
78 4735 4776 
79 4759 4810 
80 4949 
81 4928 
82 4915 
83 4714 
84 4995 
85 4974 
86 4955 
87 4847 
88 4933 
89 4952 
90 4961 
91 4961 
92 4766 
93 4874 
94 4948 4735 
95 4979 
96 4742 
97 4976 
98 4972 
99 4766 
100 4974 
101 4688 
102 4369 4378 4852 
103 4946 4912 4866 
104 4995 
105 4503 
106 4714 
107 4972 
108 4915 
109 4956 
110 4984 
111 4787 
112 4997 
113 4981 
114 4853 
115 4801 
116 4864 
117 4805 
118 4895 
119 4369 
120 4913 
121 4790 
122 4890 4866 
123 4981 
124 4937 
125 4803 
126 4459 
127 4772 
128 4720 
129 4948 
130 4879 
131 4925 
132 4243 
133 4756 
134 4939 
135 4772 
136 4909 
137 4866 
138 4114 
139 4948 
140 4984 
141 4937 4953 
142 4996 
143 4833 
144 4978 
145 4693 
146 4955 
147 4485 
148 4705 
149 4993 
150 4971 
151 4853 
152 4959 
153 4803 
154 4991 
155 4705 
156 4909 
157 4913 
158 4766 
159 4994 
160 4516 
161 4978 
162 4966 
163 4874 
164 4996 4660 
165 4553 
166 4768 
167 4992 4971 
168 4948 
169 4777 
170 4459 4781 
171 4612 
172 4277 
173 4852 
174 4981 
175 4993 
176 4847 
177 4972 
178 4945 4782 
179 4776 4905 
180 4772 
181 4910 
182 4984 4856 
183 4459 
184 4668 
185 4378 
186 4995 
187 4488 
188 4622 
189 4905 
190 4673 
191 4991 
192 4909 
193 4735 
194 4986 
195 4686 
196 4978 
197 4961 4890 4748 
198 4979 
199 4853 
200 4902 
201 4912 
202 4756 4905 
203 4485 
204 4976 
205 4904 4981 4890 
206 4967 
207 4994 
208 4847 
209 4989 
210 4976 
211 4928 4444 
212 4879 
213 4906 
214 4818 
215 4961 
216 4772 
217 4933 
218 4933 4772 
219 4114 
220 4901 
221 4901 
222 4955 
223 4612 
224 4516 
225 4803 
226 4720 
227 4759 
228 4991 
229 4939 
230 4883 
231 4906 
232 5000 
233 4751 
234 4953 4913 
235 4818 
236 4993 
237 4688 
238 4939 
239 4748 4992 
240 4781 
241 4902 
242 4760 
243 4998 
244 4766 
245 4686 
246 4913 
247 4369 
248 4705 
249 4948 
250 4760 
251 4866 
252 4626 
253 4867 
254 4766 
255 4910 
256 4822 
257 4856 
258 4928 
259 4939 
260 4909 
261 4961 
262 4984 
263 4847 
264 4803 
265 4906 4996 
266 4948 
267 4663 
268 4930 
269 4997 
270 4971 
271 4803 
272 4939 
273 4967 
274 4782 
275 4663 
276 4853 
277 4277 
278 3988 
279 4673 
280 4748 
281 4488 
282 4971 
283 4966 
284 4959 
285 4906 
286 4987 
287 4959 
288 4967 
289 4937 4511 
290 4939 
291 4938 
292 4961 
293 4993 
294 4998 
295 4768 
296 4705 
297 4946 
298 4940 4867 
299 4876 
300 4876 4736 
301 4530 
302 4873 
303 4928 
304 4805 
305 4873 
306 4756 
307 4984 
308 4994 
309 4996 4867 
310 4673 
311 4909 
312 4895 
313 4822 
314 4938 
315 4973 
316 4444 
317 4930 
318 4939 
319 4992 
320 4953 
321 4955 
322 4966 
323 4905 
324 4776 
325 4930 
326 4890 
327 4986 
328 4971 
329 4909 
330 4938 
331 4984 
332 4967 
333 4993 
334 4369 
335 4853 
336 4789 
337 4847 
338 4822 
339 4997 
340 4766 
341 4766 
342 4997 
343 4488 
344 4441 4879 
345 4736 
346 4079 4972 
347 4748 
348 4864 
349 4803 
350 4896 
351 4982 
352 4777 
353 4895 
354 4582 4622 
355 4967 
356 4890 
357 4847 
358 4822 
359 4896 
360 4933 
361 4760 
362 4906 
363 4953 
364 4915 
365 4937 4114 
366 4485 
367 4852 
368 4663 
369 4852 4820 
370 4913 
371 4776 
372 4742 
373 4890 
374 4930 
375 4966 
376 4369 
377 4688 
378 4933 
379 4979 
380 4735 
381 4820 
382 4485 
383 4790 
384 4915 
385 4967 
386 4876 
387 4972 
388 4953 
389 4277 
390 4378 
391 4981 
392 4503 
393 4949 
394 4998 
395 4114 
396 4441 
397 4760 
398 4756 
399 4876 
400 4925 
401 4946 
402 4441 
403 4906 
404 4912 
405 4913 
406 4967 
407 4902 
408 4992 
409 4905 
410 4967 
411 4976 
412 4995 4772 
413 4612 
414 4904 
415 4928 
416 3988 
417 4961 
418 4822 
419 4796 
420 4997 
421 4909 
422 4736 
423 4966 
424 4822 
425 4992 4756 
426 4913 
427 4735 
428 4993 
429 4917 
430 4781 
431 4516 
432 4553 
433 4993 
434 4905 
435 4876 
436 4805 
437 4748 
438 4917 4981 
439 4949 4658 
440 4938 
441 4787 
442 4756 
443 4488 
444 4925 
445 4915 
446 4877 
447 4959 
448 4527 
449 4995 
450 4772 
451 4864 
452 4998 
453 4993 
454 4956 4503 
455 4856 
456 4864 
457 4953 
458 4904 
459 4485 
460 4896 
461 4971 
462 4979 
463 4984 4956 
464 4553 
465 4866 
466 4953 
467 4984 
468 4992 
469 4937 
470 4600 4976 
471 4937 
472 4971 
473 4976 
474 4995 
475 563 
476 4866 
477 4866 
478 5000 
479 4707 
480 4909 
481 4971 
482 4904 
483 4759 
484 4864 
485 4902 
486 4984 
487 4553 4952 
488 4488 4984 
489 4114 4742 
490 4527 
491 4735 
492 4966 
493 4998 4981 
494 4945 
495 4853 
496 4930 
497 4917 
498 4938 
499 4998 
500 4772 
501 4910 
502 4986 
503 4852 
504 4948 4810 
505 4805 
506 4225 
507 4981 
508 4864 
509 4974 
510 4847 
511 4997 
512 4993 
513 3334 
514 4915 
515 4867 
516 4974 
517 4895 
518 4688 
519 4984 4959 
520 4994 
521 4952 
522 4945 
523 4688 4966 
524 4688 
525 4971 4444 
526 4974 4996 
527 4984 
528 4866 
529 4658 
530 4720 
531 4953 
532 4991 
533 4959 
534 4867 
535 4503 
536 4876 
537 4955 
538 4973 
539 4895 
540 4974 
541 4913 
542 4867 
543 4945 
544 4527 
545 3728 
546 4995 
547 4801 
548 4945 
549 4866 
550 4759 4803 
551 4917 4967 
552 4658 
553 4705 
554 4378 
555 4668 4693 4803 
556 4805 
557 4910 
558 4953 
559 4527 
560 4820 
561 4972 
562 4933 
563 563 
564 4277 
565 4751 
566 4768 
567 4896 
568 4852 5000 
569 4877 
570 3988 4993 
571 2099 
572 4984 
573 4277 4959 4993 
574 4378 
575 4994 
576 4978 
577 4748 
578 4994 
579 4488 
580 4996 
581 4553 
582 4974 
583 4979 
584 4953 
585 4905 
586 4930 
587 4910 
588 4378 
589 4585 
590 4705 
591 4277 4693 
592 4945 
593 4441 
594 4995 4925 
595 4978 4938 
596 4787 
597 4441 
598 4995 
599 4913 
600 4987 4945 
601 4994 
602 4993 
603 4904 
604 4904 
605 4971 
606 4553 4369 
607 4760 
608 4974 
609 4626 
610 4937 
611 4952 
612 4945 
613 4890 
614 4976 
615 615 
616 4972 
617 4756 
618 4705 
619 4971 
620 4928 
621 4925 
622 1850 4948 4987 
623 4890 
624 4973 
625 4974 
626 4904 
627 4756 
628 4879 
629 4622 3334 3988 
630 4527 
631 4952 
632 4906 
633 4974 
634 4612 
635 4612 4998 4940 
636 4917 
637 4939 4582 4622 
638 4660 
639 4626 
640 4966 
641 4953 4987 
642 4766 
643 4939 
644 4864 
645 4693 
646 4553 4974 
647 4992 
648 4441 
649 4906 
650 4735 
651 3224 
652 4369 
653 4986 
654 4909 
655 4895 
656 4668 
657 4782 
658 4079 
659 4527 
660 4906 
661 4948 
662 4853 
663 4686 
664 4945 
665 4796 
666 4913 
667 4996 
668 4441 4955 
669 4909 
670 4801 4994 
671 4995 
672 4917 
673 4856 
674 4925 
675 4996 
676 4760 
677 4982 3334 3988 
678 4904 4853 
679 4939 
680 4972 
681 4904 
682 4986 4971 
683 4939 
684 4441 
685 4948 
686 4953 4693 
687 4904 
688 5000 
689 4600 
690 4959 
691 4688 4890 4952 
692 563 
693 4622 
694 4693 
695 4441 
696 4856 
697 4864 
698 4877 
699 3224 
700 4768 
701 5000 
702 4225 
703 4904 
704 4818 
705 4585 4582 
706 4847 
707 4766 
708 4707 
709 4873 
710 4705 
711 4760 
712 4925 
713 4822 
714 4777 
715 4705 
716 4912 
717 4978 
718 4948 
719 4852 
720 4956 
721 4939 4987 
722 4945 
723 4766 
724 4967 
725 1850 4766 
726 4759 
727 4516 
728 4879 4966 
729 4748 
730 4967 
731 4971 
732 4705 
733 4803 
734 4994 
735 4910 
736 4693 
737 4612 
738 4925 
739 4953 
740 4995 
741 4441 
742 4939 
743 4928 
744 4933 
745 4803 
746 4902 
747 4600 
748 4952 
749 4748 
750 4441 
751 4890 
752 4938 
753 4956 
754 4777 
755 4955 
756 4981 
757 4760 
758 4441 
759 4818 
760 4805 
761 3988 
762 4906 
763 4782 
764 4910 
765 4511 
766 4992 
767 4976 
768 4971 
769 4946 
770 4974 
771 3224 
772 4984 4948 
773 4742 
774 4895 
775 4867 
776 4967 
777 4488 
778 4937 
779 4989 
780 4890 4974 
781 4877 
782 4879 
783 4866 
784 4883 
785 4890 
786 4707 
787 4488 
788 4953 
789 4658 
790 4864 
791 4441 
792 4772 
793 4971 4612 
794 4959 
795 4720 
796 4582 
797 4777 
798 615 
799 4946 
800 4940 4971 
801 4864 
802 4940 4982 
803 4917 
804 4945 
805 4772 
806 4810 
807 4820 
808 4772 4744 
809 4995 
810 4991 
811 4928 
812 4781 
813 4987 4915 
814 4530 
815 4688 
816 4996 
817 4967 
818 4736 
819 4986 
820 4974 
821 4945 
822 4853 4904 
823 4959 4933 
824 4967 
825 4663 
826 4742 
827 4884 
828 4974 
829 4516 
830 4996 
831 4940 
832 3988 4906 
833 4444 
834 4658 
835 4742 
836 4909 
837 4441 
838 4243 
839 4516 
840 4782 
841 4553 
842 4720 
843 4852 
844 4895 
845 4114 
846 4782 
847 4895 
848 4890 
849 3187 4895 
850 4847 
851 4987 
852 4864 4948 
853 4777 
854 4909 
855 4847 
856 4864 
857 4822 
858 4993 
859 4663 
860 4984 
861 4760 
862 4940 
863 4790 
864 4937 
865 4940 
866 4939 
867 4982 
868 4925 
869 4966 
870 4937 4527 
871 4966 
872 4686 
873 4818 4776 
874 4756 
875 4378 
876 4369 
877 4895 
878 4930 
879 4852 
880 4772 4946 
881 4976 
882 4966 
883 4896 4441 
884 4803 
885 4953 
886 4986 
887 4756 4864 
888 5000 
889 5000 
890 4553 
891 4966 
892 4948 
893 4961 
894 4992 
895 4902 
896 4949 
897 4787 
898 4874 
899 4967 4946 
900 4378 
901 4516 
902 4974 4864 4912 
903 4986 
904 4984 
905 4876 
906 4994 
907 4866 
908 4553 
909 4972 
910 4600 
911 4876 
912 4789 
913 1892 
914 4956 
915 563 4981 
916 4803 
917 4867 
918 4441 
919 4989 
920 4925 
921 4852 
922 4905 
923 4967 
924 4803 
925 4955 
926 4989 
927 4961 
928 4864 
929 2099 
930 4959 3988 
931 4953 
932 4956 
933 4939 1892 
934 4987 4867 4946 
935 4966 
936 4585 
937 4912 
938 4940 
939 4600 
940 4114 
941 4378 
942 4441 
943 4852 
944 4902 
945 4736 
946 4909 
947 4378 
948 4946 4949 
949 4993 
950 4992 
951 4982 
952 4751 
953 4874 
954 4937 
955 4803 
956 4856 
957 4378 
958 4688 
959 4912 
960 4867 
961 4705 
962 4772 
963 4756 
964 4992 
965 4987 
966 4994 4867 
967 4986 
968 4948 
969 4949 
970 4459 
971 4974 
972 4847 4979 
973 4864 
974 4966 
975 4742 
976 4904 4949 
977 4890 
978 4742 4760 4973 
979 4998 
980 4890 
981 4626 
982 4959 
983 4996 
984 3988 
985 4971 
986 4997 
987 4079 
988 4992 
989 4705 
990 4974 
991 4772 
992 5000 
993 4890 
994 4114 
995 4847 
996 4949 
997 4909 
998 3988 
999 3988 
1000 4933 
1001 4847 
1002 615 4079 
1003 4996 
1004 4906 
1005 4959 
1006 4777 
1007 4971 4915 
1008 4938 
1009 4612 
1010 1850 
1011 4756 
1012 4776 
1013 4989 
1014 4952 
1015 4822 
1016 4939 
1017 4441 
1018 4759 
1019 4777 
1020 4901 
1021 4852 
1022 4906 4890 
1023 4910 
1024 4939 
1025 4905 
1026 4989 
1027 1850 
1028 4909 
1029 4485 
1030 4998 
1031 4953 
1032 4956 
1033 4777 
1034 4930 5000 
1035 4938 
1036 4992 
1037 4527 
1038 4974 
1039 4948 4079 
1040 4993 
1041 4978 
1042 5000 4994 
1043 4600 
1044 4789 
1045 4925 
1046 4686 
1047 4751 
1048 4905 
1049 4810 4933 
1050 4956 
1051 4660 
1052 4772 4890 
1053 4876 
1054 4782 
1055 4768 
1056 5000 
1057 4981 
1058 4626 
1059 4991 
1060 4946 
1061 4917 4910 
1062 4789 
1063 4972 
1064 4949 
1065 4967 
1066 563 4612 
1067 4488 
1068 4966 
1069 4693 4867 4853 
1070 4756 4822 
1071 4742 
1072 4720 
1073 4937 
1074 4378 
1075 4772 
1076 4879 
1077 4940 
1078 4760 4511 4378 
1079 4760 4971 4938 
1080 4909 
1081 4996 
1082 4879 
1083 4693 
1084 4243 
1085 4939 
1086 4928 
1087 4801 
1088 4488 
1089 4705 4441 
1090 4979 
1091 4852 
1092 4736 
1093 4930 
1094 4864 
1095 4974 
1096 4378 
1097 4776 
1098 4909 
1099 4930 
1100 4993 
1101 4946 
1102 4847 
1103 4668 
1104 4803 
1105 4989 
1106 4441 4626 
1107 4940 
1108 4933 
1109 4961 
1110 4225 
1111 4986 
1112 4378 4720 
1113 4673 
1114 4925 
1115 4853 
1116 4693 
1117 4663 4693 
1118 4772 
1119 4751 
1120 4582 
1121 4930 
1122 4945 
1123 4972 
1124 4742 
1125 4760 
1126 4940 
1127 4852 
1128 4895 
1129 4530 
1130 4967 
1131 4925 
1132 4979 
1133 4853 4277 
1134 4974 4905 
1135 4503 
1136 4971 
1137 4939 
1138 4876 
1139 4864 
1140 4693 
1141 4856 
1142 4979 
1143 4856 
1144 4917 
1145 4864 
1146 4915 
1147 4996 
1148 4956 
1149 4930 
1150 4660 
1151 4953 
1152 4928 
1153 4904 4735 4736 
1154 4114 
1155 4874 
1156 4972 
1157 4984 
1158 4720 
1159 4982 
1160 3988 
1161 4612 
1162 4079 
1163 4945 
1164 4511 
1165 4852 
1166 4803 
1167 4994 
1168 4930 
1169 4984 
1170 4803 
1171 4818 
1172 4901 
1173 4905 
1174 4896 
1175 4946 4984 
1176 4974 
1177 4959 
1178 4967 4917 
1179 4917 
1180 4905 
1181 4976 4991 4787 
1182 4895 
1183 4760 
1184 4820 
1185 4766 
1186 4772 
1187 4904 
1188 4876 
1189 4984 
1190 4930 
1191 4744 
1192 4864 
1193 4976 
1194 4959 
1195 4996 
1196 4277 
1197 4772 
1198 4742 
1199 4751 
1200 4955 
1201 4742 
1202 4867 
1203 4822 
1204 4736 
1205 4847 
1206 4378 
1207 4973 
1208 4511 
1209 4946 
1210 4902 
1211 4766 
1212 4853 
1213 4612 
1214 4904 
1215 4720 
1216 4853 
1217 4992 
1218 4928 
1219 4766 4876 
1220 4925 
1221 4527 
1222 4736 
1223 4585 
1224 4756 
1225 4933 
1226 4673 
1227 4913 
1228 4693 
1229 4801 
1230 4530 
1231 4992 
1232 4902 
1233 4915 
1234 4772 
1235 4987 
1236 4369 
1237 4978 
1238 4945 
1239 4996 
1240 1554 
1241 4937 
1242 4705 
1243 615 4772 
1244 4992 
1245 4612 
1246 4441 
1247 4772 
1248 4986 
1249 4772 
1250 4987 
1251 4917 
1252 4736 
1253 4600 4989 
1254 4530 
1255 4996 
1256 4925 
1257 4866 
1258 4686 4994 4902 
1259 4705 
1260 4503 
1261 4864 4909 4742 
1262 4901 
1263 4879 
1264 4742 
1265 4917 
1266 4668 
1267 4937 
1268 4959 4948 
1269 4939 
1270 4966 
1271 4910 
1272 4705 
1273 4905 
1274 4883 
1275 4663 
1276 4822 
1277 4946 
1278 4759 
1279 4688 4986 4735 
1280 4766 
1281 4693 
1282 4906 
1283 4959 
1284 4720 
1285 4959 
1286 4987 
1287 4939 
1288 4864 
1289 4967 
1290 4585 
1291 4905 
1292 4909 
1293 3988 
1294 4984 
1295 4910 
1296 4971 
1297 4896 
1298 4956 
1299 4759 
1300 4612 
1301 4874 
1302 4952 4751 
1303 4982 
1304 4993 
1305 4991 
1306 4867 
1307 4910 
1308 4906 
1309 4996 
1310 3728 
1311 4979 
1312 4759 
1313 4705 
1314 4441 1892 
1315 4994 
1316 4833 
1317 4915 
1318 4949 
1319 4378 
1320 4997 
1321 4856 
1322 4744 
1323 4751 
1324 4895 4622 4949 
1325 4766 
1326 4720 
1327 4966 
1328 4833 
1329 4759 
1330 4933 
1331 4995 
1332 4853 
1333 4938 
1334 4989 
1335 4777 4946 
1336 4890 
1337 4444 
1338 4658 3988 4933 
1339 5000 
1340 4909 
1341 4766 
1342 4884 
1343 4459 
1344 4582 
1345 4973 
1346 4441 
1347 4930 
1348 4748 
1349 4937 
1350 4803 4530 
1351 4905 
1352 4511 
1353 4998 
1354 4993 
1355 4904 
1356 4984 
1357 4864 
1358 4966 
1359 4441 
1360 4994 
1361 4853 
1362 4612 4971 
1363 4939 
1364 4937 
1365 3728 
1366 4971 
1367 4991 
1368 4782 
1369 4946 
1370 4959 
1371 4946 
1372 4986 
1373 4966 
1374 4873 
1375 4612 
1376 4953 
1377 4742 
1378 4971 
1379 4959 
1380 4822 4995 4883 
1381 4876 
1382 4995 
1383 4864 
1384 4905 
1385 4971 
1386 4953 
1387 4756 
1388 4937 
1389 4530 
1390 4847 
1391 4937 
1392 4658 
1393 4912 
1394 4909 
1395 4994 4781 4444 
1396 4852 
1397 4981 
1398 4966 
1399 4735 
1400 4756 
1401 4876 
1402 4981 
1403 4939 
1404 4917 
1405 4686 
1406 4976 
1407 4912 
1408 4873 
1409 4873 
1410 4987 
1411 4945 
1412 4736 
1413 4503 
1414 4693 
1415 4993 
1416 4772 
1417 4553 
1418 5000 
1419 4890 
1420 4971 
1421 4971 
1422 4906 4998 4658 
1423 4768 
1424 4993 
1425 4910 
1426 4748 
1427 4277 
1428 4874 
1429 4879 
1430 4973 
1431 4940 
1432 4984 
1433 4976 
1434 4953 
1435 4760 
1436 4782 
1437 4867 
1438 4243 
1439 4853 
1440 4896 4772 
1441 4939 
1442 4378 
1443 4459 
1444 4909 
1445 4867 
1446 3988 
1447 4790 
1448 4673 
1449 4940 
1450 4553 
1451 4756 
1452 4904 
1453 4766 
1454 4810 
1455 4895 
1456 4996 
1457 4956 
1458 4997 
1459 4867 
1460 4987 
1461 4759 
1462 4772 
1463 4796 
1464 4952 
1465 4984 4966 
1466 4966 
1467 4986 
1468 4971 
1469 4945 
1470 4378 4720 
1471 4693 
1472 4822 4612 4910 
1473 4930 
1474 4905 4971 4961 
1475 4959 
1476 4917 4905 4939 
1477 4925 
1478 4756 3988 
1479 4937 
1480 4756 
1481 4984 
1482 4992 
1483 4952 
1484 4904 
1485 4917 
1486 4735 
1487 4612 
1488 4971 
1489 4720 
1490 4981 
1491 4952 
1492 4277 
1493 4748 4890 
1494 4973 
1495 4959 
1496 4853 
1497 4847 
1498 4622 
1499 4961 
1500 4905 
1501 4801 
1502 4978 
1503 4444 
1504 4981 
1505 4953 
1506 4488 
1507 4864 
1508 4582 
1509 4853 
1510 4904 4966 
1511 1554 
1512 4917 
1513 4993 
1514 4984 
1515 4441 
1516 4847 
1517 4867 
1518 4693 
1519 4759 
1520 4959 
1521 3224 
1522 4748 
1523 4946 
1524 4760 
1525 4959 
1526 4853 
1527 4853 
1528 4996 
1529 4966 
1530 4938 
1531 4906 
1532 4995 
1533 4668 
1534 4114 
1535 4742 
1536 3988 
1537 4847 
1538 4805 
1539 4516 4801 
1540 4937 
1541 4992 
1542 4693 
1543 4833 
1544 4997 
1545 4994 
1546 4688 
1547 4877 
1548 5000 4937 
1549 4688 
1550 4976 
1551 4997 
1552 4913 
1553 4972 
1554 1554 
1555 4909 
1556 4673 
1557 4787 
1558 4853 
1559 4114 
1560 4079 
1561 4742 
1562 4243 4777 
1563 4768 
1564 4959 
1565 4956 
1566 4906 
1567 4756 
1568 4991 
1569 4974 
1570 4766 
1571 4852 
1572 3988 
1573 4948 
1574 5000 4910 4956 
1575 4953 
1576 4976 
1577 4952 
1578 4979 
1579 4986 
1580 4959 
1581 4612 
1582 4705 
1583 4933 
1584 4959 
1585 4876 
1586 4945 
1587 4742 
1588 4114 
1589 4966 
1590 4987 
1591 4993 
1592 4913 
1593 4225 
1594 4856 
1595 4884 
1596 4079 
1597 4991 
1598 4974 
1599 4759 
1600 4833 
1601 4876 
1602 4995 
1603 4766 
1604 4909 4966 
1605 4904 
1606 4939 
1607 4766 
1608 4441 
1609 4979 
1610 4803 
1611 4906 4777 4822 
1612 4803 
1613 4890 
1614 4930 
1615 4984 
1616 4803 
1617 4378 4853 4884 4937 
1618 4803 
1619 4967 
1620 4913 
1621 4485 
1622 4883 
1623 4946 
1624 4909 
1625 4877 
1626 4748 
1627 4940 4906 
1628 4626 
1629 4991 
1630 4663 
1631 3187 
1632 4876 
1633 4612 
1634 4991 
1635 4928 
1636 3187 
1637 4986 
1638 4967 
1639 4790 
1640 4902 
1641 4904 
1642 4986 
1643 4939 
1644 4766 4756 
1645 4079 
1646 4953 
1647 4959 
1648 4998 
1649 4998 
1650 4378 
1651 4976 
1652 4930 
1653 4853 
1654 4995 
1655 4790 
1656 5000 
1657 4982 5000 4953 
1658 4503 4781 
1659 4953 
1660 4971 
1661 4768 
1662 4833 
1663 4777 
1664 4997 
1665 4913 
1666 4766 
1667 4612 
1668 4937 
1669 4976 
1670 4937 4953 
1671 4904 
1672 4748 
1673 3988 
1674 4933 
1675 4939 4527 
1676 4955 
1677 4974 
1678 4982 
1679 4973 
1680 4864 
1681 4622 
1682 4906 
1683 4904 
1684 4369 
1685 4748 
1686 4459 
1687 4992 
1688 4612 
1689 4277 
1690 4818 4833 4915 
1691 4959 
1692 4756 
1693 4553 
1694 4971 
1695 4905 
1696 4856 4114 4772 
1697 4864 
1698 4974 
1699 4787 
1700 4933 
1701 4992 
1702 4883 
1703 4485 
1704 4735 
1705 4971 
1706 4974 
1707 4925 
1708 3988 4789 
1709 4742 
1710 4225 4820 
1711 4917 
1712 4884 
1713 4663 
1714 4873 
1715 4974 
1716 4966 
1717 4720 
1718 4994 
1719 3728 3224 
1720 4939 
1721 4996 
1722 4928 
1723 4992 
1724 4516 
1725 4945 
1726 4833 
1727 4735 
1728 4742 
1729 4441 4867 
1730 4959 
1731 4720 
1732 4705 
1733 4967 
1734 4909 
1735 4890 4953 
1736 4766 
1737 4967 
1738 4864 
1739 4751 
1740 4973 
1741 4612 
1742 4987 
1743 4748 
1744 4912 
1745 4925 
1746 4933 
1747 4993 
1748 3224 4705 
1749 4981 
1750 3988 
1751 4982 
1752 4864 4905 
1753 4876 
1754 4986 
1755 4622 
1756 4913 
1757 4864 
1758 4511 
1759 4736 
1760 4883 
1761 3988 
1762 4488 
1763 4917 
1764 4822 
1765 4912 
1766 4663 
1767 4984 
1768 4994 
1769 4982 
1770 4243 
1771 4959 
1772 4820 
1773 4974 
1774 4933 
1775 4987 
1776 4997 
1777 4997 
1778 4852 
1779 4917 
1780 4516 
1781 4993 
1782 4225 
1783 4585 
1784 4959 
1785 4974 
1786 4912 
1787 4933 
1788 4760 4992 
1789 4949 
1790 4759 
1791 4378 
1792 4768 4971 4996 
1793 4688 
1794 4933 
1795 4441 
1796 4994 
1797 4612 
1798 4996 
1799 4612 
1800 4966 4527 4705 
1801 4772 
1802 4982 
1803 4707 
1804 4796 
1805 4948 
1806 4984 
1807 4789 
1808 4790 
1809 4833 
1810 4982 
1811 4867 
1812 4820 
1813 4971 
1814 4902 
1815 4766 
1816 4933 
1817 4993 
1818 4904 
1819 4853 
1820 4444 
1821 4987 
1822 4866 
1823 4930 
1824 4906 4993 4776 
1825 4917 
1826 4833 
1827 4961 
1828 4720 
1829 4079 4971 
1830 4984 
1831 4777 
1832 4553 4277 
1833 4948 
1834 4915 
1835 4756 
1836 4768 
1837 4949 
1838 4987 
1839 3988 
1840 4959 
1841 4766 
1842 4856 
1843 4705 
1844 4879 
1845 4736 
1846 4895 4959 
1847 4693 
1848 4530 
1849 5000 
1850 1850 
1851 4909 
1852 4847 
1853 4925 
1854 4760 
1855 4818 
1856 4939 
1857 4904 
1858 4890 
1859 4967 
1860 4822 
1861 4369 
1862 4971 4867 
1863 4974 
1864 4940 
1865 4904 
1866 4766 
1867 4917 
1868 4904 4933 
1869 4772 
1870 4820 
1871 5000 4904 
1872 4909 3988 
1873 5000 
1874 4781 
1875 4982 
1876 4852 
1877 4928 
1878 4810 
1879 4987 
1880 4906 
1881 4909 
1882 4974 
1883 4748 
1884 4852 
1885 4459 
1886 4660 
1887 4225 
1888 4820 
1889 4967 
1890 4243 
1891 4981 
1892 1892 
1893 4993 
1894 4668 
1895 4847 
1896 4720 
1897 4998 
1898 4917 
1899 4760 
1900 4833 
1901 4736 4953 
1902 4744 
1903 4874 
1904 4744 
1905 4905 
1906 4930 4378 
1907 4939 
1908 4992 4079 
1909 4864 
1910 4756 4776 
1911 4772 
1912 4939 3988 
1913 4867 
1914 4772 4488 
1915 4756 
1916 4959 
1917 4516 
1918 4930 
1919 4748 
1920 4996 
1921 4930 
1922 4972 
1923 4940 
1924 4917 
1925 4553 
1926 4876 4744 
1927 4485 
1928 4658 
1929 4853 
1930 4873 
1931 4996 
1932 4895 4939 
1933 4933 
1934 4939 
1935 4955 
1936 4904 
1937 4974 
1938 4805 
1939 4917 
1940 4847 
1941 4873 
1942 4705 4853 4989 
1943 4978 
1944 4933 
1945 4967 
1946 4658 
1947 4879 
1948 4853 
1949 4902 4866 
1950 4833 
1951 4989 
1952 4600 
1953 4955 
1954 4585 
1955 4895 4993 
1956 4079 
1957 4895 4612 
1958 4953 
1959 4956 
1960 4948 
1961 4912 
1962 4912 
1963 4956 
1964 4803 
1965 4873 
1966 4803 
1967 4904 
1968 4660 
1969 4895 
1970 3988 
1971 4866 
1972 4852 
1973 4777 
1974 4939 
1975 4984 4612 
1976 4972 
1977 4874 
1978 4967 
1979 5000 
1980 4459 
1981 4867 
1982 4744 
1983 4852 
1984 4933 
1985 4751 
1986 4913 
1987 4864 
1988 4949 
1989 4441 
1990 4967 
1991 4901 
1992 4890 
1993 4890 
1994 4991 
1995 4225 
1996 4961 
1997 4864 
1998 4917 
1999 4378 
2000 4984 
2001 4959 4833 
2002 4979 
2003 4705 4939 4937 
2004 4959 
2005 4928 
2006 4874 4714 
2007 4530 
2008 4766 
2009 4917 
2010 4940 
2011 4994 
2012 4777 
2013 4441 
2014 3988 4782 4917 
2015 4378 
2016 4973 
2017 4946 
2018 4782 
2019 4997 
2020 4909 
2021 4553 4833 4930 
2022 4981 
2023 4956 
2024 4955 
2025 4890 
2026 4996 4772 
2027 4896 
2028 4974 
2029 4705 
2030 4905 
2031 4961 4984 4748 
2032 4913 
2033 4874 
2034 4993 
2035 4660 
2036 4930 
2037 4847 
2038 4966 
2039 5000 
2040 4994 4511 
2041 4485 
2042 4459 
2043 4986 
2044 4847 
2045 4945 4904 4530 
2046 4967 
2047 4079 4933 
2048 4688 
2049 4994 
2050 4992 
2051 4890 4946 
2052 4913 
2053 4987 
2054 4277 
2055 4993 
2056 4930 
2057 4953 
2058 4720 4937 4904 
2059 4993 
2060 4981 
2061 4852 
2062 4946 
2063 4553 
2064 4989 
2065 4803 4585 4441 
2066 4945 
2067 4866 
2068 4866 
2069 4982 
2070 4989 
2071 4946 
2072 4974 
2073 4993 4705 
2074 4864 
2075 4987 
2076 4369 4906 4751 
2077 4930 
2078 4485 
2079 4867 
2080 4714 
2081 4976 
2082 4772 
2083 4818 
2084 4904 
2085 4705 
2086 4658 
2087 4516 
2088 4660 
2089 4905 
2090 4810 
2091 4553 
2092 4966 
2093 4987 
2094 4928 
2095 4600 
2096 4867 
2097 4956 
2098 4996 
2099 2099 4756 
2100 4946 
2101 4693 
2102 4488 
2103 4986 
2104 4945 
2105 3988 
2106 4441 
2107 4998 
2108 4989 
2109 4994 
2110 4952 
2111 4756 
2112 4902 
2113 4940 
2114 4967 
2115 4981 
2116 4995 
2117 4997 
2118 4910 
2119 4913 
2120 4910 
2121 4114 
2122 4720 
2123 4904 
2124 4909 
2125 4777 
2126 4956 
2127 4673 
2128 4996 
2129 4622 
2130 4986 
2131 4993 
2132 4913 
2133 4612 
2134 4946 
2135 4981 
2136 1892 4766 4748 
2137 4777 
2138 4933 4967 4974 
2139 4444 
2140 4622 
2141 4971 
2142 4890 
2143 4953 
2144 4978 
2145 4612 
2146 4994 
2147 4904 
2148 4243 
2149 4917 
2150 4946 
2151 4996 
2152 4993 
2153 4705 
2154 4756 
2155 4879 
2156 4949 
2157 4873 
2158 4939 
2159 4867 4992 4114 4948 
2160 4766 
2161 4913 
2162 4742 
2163 4909 
2164 4553 
2165 4981 
2166 4967 
2167 4772 
2168 4225 
2169 4967 
2170 4971 
2171 4852 
2172 4782 
2173 4553 
2174 3988 
2175 4928 
2176 4585 4612 4626 
2177 4856 
2178 4995 
2179 4879 
2180 4378 
2181 4847 
2182 4989 4847 4874 
2183 4949 
2184 4796 
2185 4744 
2186 3988 
2187 4441 
2188 4864 4959 4925 
2189 4759 
2190 4444 
2191 4833 
2192 4933 
2193 4994 
2194 4782 4772 3334 
2195 4810 
2196 4626 
2197 4441 
2198 4582 
2199 4966 
2200 4485 
2201 4953 
2202 5000 
2203 4913 
2204 4527 
2205 3728 
2206 4913 
2207 4668 
2208 4856 
2209 4930 4895 
2210 4759 
2211 4766 
2212 4772 
2213 4917 
2214 4906 
2215 4949 
2216 4981 
2217 4705 
2218 4938 4612 4984 
2219 4917 
2220 4896 
2221 4810 
2222 4867 
2223 4966 
2224 4847 
2225 4805 
2226 4369 
2227 4998 
2228 4714 
2229 4895 
2230 4972 
2231 4585 
2232 4803 
2233 4853 
2234 4801 
2235 4600 
2236 4803 
2237 4693 
2238 4714 
2239 4890 
2240 4864 
2241 4925 
2242 4953 
2243 4948 
2244 4803 5000 
2245 4744 
2246 4946 
2247 4833 
2248 4925 
2249 4688 4984 
2250 4744 
2251 4818 
2252 4917 
2253 4939 
2254 4904 
2255 4984 
2256 4776 
2257 4901 
2258 4906 
2259 4966 
2260 4803 
2261 4945 
2262 4972 
2263 4940 
2264 4553 
2265 4772 
2266 4996 
2267 4995 
2268 4810 
2269 4810 
2270 4972 
2271 4928 
2272 4976 
2273 4972 
2274 4979 
2275 4989 
2276 4853 
2277 4772 
2278 4984 
2279 4441 
2280 4993 4904 
2281 4905 
2282 4760 
2283 1850 4939 4853 
2284 4441 
2285 4996 3988 4925 4981 
2286 4822 
2287 3988 3334 4966 
2288 4847 4736 
2289 4864 
2290 4973 
2291 4867 
2292 4949 
2293 4928 
2294 4966 
2295 4781 
2296 4904 
2297 4787 
2298 4953 
2299 4913 
2300 4913 
2301 4939 
2302 4612 
2303 4877 
2304 4998 
2305 3988 
2306 4890 
2307 4987 
2308 4866 
2309 4966 
2310 4441 
2311 4877 
2312 4906 
2313 4937 
2314 4949 
2315 4895 
2316 4948 
2317 3988 
2318 4971 4948 4989 4967 
2319 4772 
2320 4441 
2321 4933 
2322 4996 
2323 4905 
2324 4940 
2325 4833 
2326 4612 
2327 4441 
2328 4945 
2329 4925 
2330 4912 
2331 4883 
2332 4805 
2333 4925 
2334 4939 
2335 4994 
2336 4243 
2337 4992 
2338 4751 
2339 4751 
2340 4945 
2341 4973 
2342 4992 
2343 4928 
2344 4974 
2345 4905 
2346 4984 4917 
2347 4748 
2348 4553 
2349 4904 
2350 4909 
2351 4760 
2352 4720 4909 4940 4994 4996 
2353 4913 
2354 4967 
2355 4998 
2356 4378 
2357 4787 
2358 4884 
2359 4781 
2360 4939 
2361 4225 4705 
2362 4994 
2363 4668 
2364 4243 
2365 4952 
2366 3988 
2367 4946 4810 
2368 4866 
2369 4997 
2370 4953 
2371 4864 
2372 4966 
2373 4459 
2374 4925 
2375 3988 
2376 4933 
2377 4995 
2378 4937 
2379 4820 
2380 4913 
2381 4909 
2382 4959 
2383 4953 
2384 4996 
2385 4925 
2386 4952 
2387 4992 
2388 4937 
2389 4925 
2390 4511 
2391 4079 
2392 4751 
2393 4822 
2394 4917 
2395 4673 
2396 4879 
2397 4997 
2398 4981 
2399 4884 
2400 4864 
2401 4917 
2402 4856 
2403 4996 
2404 3988 4940 
2405 4790 
2406 4673 
2407 4876 
2408 4945 
2409 4756 
2410 4938 4909 
2411 4952 
2412 4945 
2413 4959 
2414 4781 
2415 4906 4966 4663 4930 
2416 4937 
2417 4933 
2418 4803 
2419 4369 
2420 4945 
2421 4952 
2422 4866 
2423 4079 
2424 4582 
2425 4803 
2426 4937 4553 4612 
2427 4993 
2428 4948 
2429 4959 4986 4937 4971 
2430 4876 
2431 4805 
2432 4940 4673 4768 
2433 4925 
2434 4582 
2435 4987 
2436 4441 
2437 4953 
2438 4901 
2439 4959 
2440 4993 
2441 4874 
2442 4961 
2443 4928 
2444 4890 
2445 4946 
2446 4994 
2447 4967 
2448 4933 
2449 4751 
2450 4890 
2451 4938 
2452 4945 
2453 4909 
2454 4441 
2455 4890 
2456 4866 
2457 1554 
2458 4884 
2459 4972 
2460 4905 
2461 4938 
2462 4503 
2463 4895 
2464 4955 
2465 4995 
2466 4378 
2467 4553 
2468 4873 
2469 4820 
2470 4991 
2471 4873 
2472 4993 
2473 4801 
2474 4937 
2475 4766 
2476 4742 
2477 4803 
2478 4974 4852 
2479 4760 
2480 4953 
2481 4895 
2482 4736 
2483 4877 
2484 4974 
2485 4378 
2486 4705 
2487 4938 
2488 4847 
2489 4693 
2490 4973 4937 4930 
2491 4981 
2492 4906 
2493 4688 
2494 4967 
2495 4959 
2496 4992 
2497 4930 
2498 4973 
2499 4928 
2500 4994 
2501 4890 3988 
2502 4992 
2503 4810 
2504 4991 
2505 4956 
2506 4378 
2507 4946 
2508 4833 
2509 4626 
2510 4876 
2511 4751 
2512 4772 
2513 4945 
2514 4953 
2515 4904 
2516 4998 
2517 4768 
2518 4917 
2519 4803 
2520 4853 
2521 4933 
2522 4760 
2523 4909 
2524 4582 
2525 4369 
2526 4992 
2527 4744 
2528 4756 4930 
2529 4890 
2530 4772 
2531 4959 
2532 4974 
2533 4904 
2534 4971 
2535 4953 
2536 4909 
2537 4748 
2538 4984 
2539 4760 
2540 4901 
2541 4998 
2542 4867 
2543 4833 
2544 4810 
2545 4981 
2546 3988 4938 
2547 4925 
2548 4930 
2549 4967 
2550 4974 
2551 4966 
2552 4867 
2553 4945 
2554 4720 
2555 4833 
2556 4805 
2557 4966 
2558 4895 
2559 4973 
2560 4937 
2561 4714 
2562 4961 
2563 4847 
2564 4895 
2565 4930 
2566 4946 
2567 4967 
2568 4959 
2569 4974 
2570 4933 
2571 4909 
2572 4441 
2573 4673 
2574 4612 
2575 4925 
2576 4974 4277 
2577 4939 
2578 4909 
2579 4974 4966 
2580 4890 
2581 4913 
2582 4937 
2583 4984 
2584 4852 
2585 4971 
2586 4939 
2587 4663 
2588 4952 
2589 4966 
2590 4901 
2591 4789 
2592 4890 
2593 4995 
2594 4777 
2595 4994 
2596 4993 
2597 4488 
2598 4488 
2599 4877 
2600 4996 
2601 4756 
2602 4971 
2603 4847 
2604 4996 
2605 4760 
2606 4972 
2607 4967 
2608 4982 
2609 4441 
2610 4978 
2611 4530 
2612 4998 
2613 4243 
2614 4782 
2615 4978 
2616 4864 
2617 4992 
2618 4992 
2619 4948 
2620 4901 
2621 4759 
2622 4966 4972 4768 4925 
2623 4905 
2624 4896 
2625 4688 
2626 4896 
2627 4867 
2628 4948 
2629 4933 
2630 4930 
2631 4959 
2632 1554 4582 
2633 4622 
2634 4873 
2635 4917 
2636 4744 4945 
2637 4853 
2638 4952 
2639 4987 
2640 4910 
2641 4938 
2642 4904 
2643 4751 
2644 4906 
2645 4686 
2646 4987 
2647 4833 
2648 4790 
2649 4948 
2650 4956 
2651 4973 
2652 4995 
2653 4930 
2654 4978 
2655 4896 
2656 4961 
2657 4847 
2658 4925 4760 4915 4952 
2659 4441 
2660 4904 
2661 4939 
2662 4967 
2663 4974 
2664 4772 
2665 4790 
2666 4972 
2667 3224 
2668 4760 
2669 4912 4939 
2670 4933 
2671 4756 
2672 4553 
2673 4976 
2674 4760 
2675 4984 
2676 4913 
2677 4992 
2678 4967 
2679 4959 
2680 4853 
2681 4930 
2682 4782 
2683 4511 
2684 4913 
2685 4979 
2686 4622 
2687 4974 
2688 4933 
2689 4810 
2690 4959 
2691 4441 
2692 4810 
2693 4896 
2694 3988 
2695 4913 
2696 4820 
2697 5000 
2698 4768 
2699 4994 
2700 4660 
2701 4917 
2702 4946 4993 
2703 4994 
2704 4756 
2705 4585 
2706 4877 
2707 4803 
2708 4939 
2709 3187 4441 4772 
2710 4225 
2711 4974 
2712 4756 
2713 3988 
2714 4940 
2715 4756 
2716 4879 
2717 4989 
2718 4803 
2719 4998 
2720 4974 
2721 4971 
2722 4994 
2723 4772 
2724 4984 
2725 4748 
2726 4503 
2727 4707 
2728 4748 
2729 4876 
2730 4966 
2731 4946 
2732 4949 
2733 4441 
2734 4277 
2735 4959 4998 4527 4488 
2736 4913 
2737 4974 4917 
2738 4909 
2739 4974 
2740 4488 
2741 4991 
2742 4913 
2743 4984 
2744 4966 
2745 4833 
2746 4553 
2747 4751 
2748 4961 
2749 4864 
2750 4686 
2751 4909 
2752 4955 
2753 4760 
2754 4992 
2755 4928 
2756 4973 
2757 4760 
2758 4955 
2759 4996 
2760 4989 
2761 4909 
2762 4488 
2763 4874 
2764 4933 
2765 4946 3728 4744 
2766 4992 
2767 4959 4459 
2768 4902 
2769 4612 
2770 4982 
2771 4553 
2772 4945 
2773 4735 
2774 4956 
2775 4981 
2776 4986 
2777 4966 
2778 4626 
2779 3988 
2780 4986 
2781 4720 
2782 4925 
2783 4852 
2784 4688 
2785 4956 
2786 4796 4938 
2787 4759 
2788 4877 
2789 4930 
2790 4939 
2791 4744 
2792 4866 
2793 4905 
2794 4937 
2795 4503 
2796 4913 
2797 4982 
2798 4756 
2799 4782 
2800 4277 4967 4760 4890 
2801 4553 
2802 4693 
2803 4756 
2804 4760 
2805 4612 
2806 4909 
2807 4939 
2808 4987 
2809 4992 
2810 4906 
2811 4847 
2812 4511 
2813 4225 
2814 4937 
2815 4884 
2816 4912 
2817 4906 
2818 4966 4945 
2819 4890 
2820 4912 
2821 4890 
2822 4917 
2823 4948 
2824 4986 4714 4877 
2825 4686 
2826 4939 
2827 4658 
2828 4913 
2829 4933 
2830 4243 
2831 4996 
2832 4966 
2833 4959 
2834 4906 
2835 4735 
2836 4864 
2837 4867 
2838 4993 
2839 4946 
2840 4979 
2841 4966 
2842 4877 
2843 4925 
2844 4971 
2845 4856 
2846 4787 
2847 4874 
2848 4705 
2849 4917 
2850 4693 
2851 4896 
2852 4225 
2853 4956 
2854 4972 
2855 4720 4867 4856 
2856 4959 4938 
2857 4772 
2858 4989 
2859 4961 
2860 4971 
2861 4378 
2862 4896 
2863 4979 
2864 4820 
2865 4585 
2866 4658 
2867 4852 
2868 4984 
2869 4777 
2870 4953 
2871 4766 
2872 4966 
2873 4735 
2874 4994 
2875 4516 
2876 4938 
2877 4852 
2878 4790 
2879 4987 
2880 4803 
2881 4805 
2882 4766 
2883 4949 
2884 4744 
2885 4705 
2886 4978 
2887 4805 
2888 4766 
2889 4822 
2890 4948 
2891 4867 
2892 4884 
2893 4874 
2894 4803 
2895 4772 
2896 4904 
2897 4978 
2898 4966 
2899 4913 
2900 4972 
2901 4225 
2902 4782 
2903 4993 
2904 3988 4953 
2905 4658 
2906 4668 
2907 4974 
2908 4369 
2909 4956 4553 4874 4582 
2910 4833 
2911 4867 
2912 4673 4937 
2913 4971 
2914 4967 4971 
2915 4984 4910 4953 
2916 4996 
2917 4612 
2918 4622 
2919 4974 
2920 4553 
2921 4873 
2922 4982 
2923 4905 
2924 4949 
2925 4981 
2926 4803 
2927 4789 
2928 4974 
2929 4864 
2930 4913 
2931 4801 
2932 4948 
2933 4714 
2934 4378 
2935 4530 
2936 4940 
2937 4441 
2938 4822 
2939 4959 
2940 4946 4833 
2941 4114 
2942 4693 
2943 4961 
2944 4909 4984 
2945 4933 
2946 4976 
2947 4600 
2948 4948 
2949 5000 
2950 4781 
2951 4959 
2952 4989 
2953 4114 
2954 4966 
2955 4953 
2956 4946 
2957 4940 
2958 5000 
2959 4909 
2960 4777 
2961 4953 4820 
2962 4959 
2963 4991 
2964 4516 
2965 4940 
2966 4939 
2967 4976 
2968 4527 4991 4751 
2969 4986 
2970 4946 
2971 4853 
2972 4973 
2973 4901 
2974 4530 
2975 4979 
2976 4955 
2977 4864 
2978 3988 
2979 4803 
2980 4864 
2981 4705 
2982 4959 
2983 4953 
2984 4905 
2985 4961 
2986 4949 
2987 4945 
2988 4114 
2989 4974 4979 
2990 4971 
2991 4751 
2992 4790 
2993 4658 
2994 4930 
2995 4896 
2996 4485 
2997 4938 
2998 4748 
2999 4909 
3000 4974 
3001 4955 
3002 4772 
3003 4668 
3004 4945 
3005 4973 
3006 4852 
3007 4933 
3008 4459 
3009 4760 
3010 4915 
3011 4735 
3012 4781 
3013 4938 
3014 4243 
3015 4940 
3016 4781 
3017 4984 
3018 4939 
3019 4998 
3020 4974 
3021 4959 
3022 4686 
3023 4772 
3024 4917 
3025 4748 
3026 4939 
3027 4805 
3028 4976 
3029 4979 
3030 4114 4984 
3031 4847 
3032 4369 
3033 4996 
3034 4974 
3035 4971 
3036 4972 
3037 4993 
3038 4984 
3039 4979 
3040 4803 
3041 4864 
3042 4982 
3043 4776 
3044 4989 
3045 4772 
3046 4984 4971 
3047 4959 
3048 4933 4909 4955 4879 
3049 4945 
3050 4485 
3051 4777 4873 
3052 4742 
3053 4378 
3054 4904 
3055 4822 
3056 4668 
3057 4972 
3058 4979 4940 
3059 4902 
3060 4890 
3061 4991 
3062 4766 
3063 4864 4966 
3064 4895 
3065 4079 
3066 4772 
3067 4883 
3068 1554 4996 
3069 4867 4864 
3070 4853 
3071 4503 
3072 4946 
3073 4939 
3074 4939 
3075 4909 
3076 4658 
3077 4906 4896 4939 
3078 4553 
3079 4705 
3080 4720 
3081 4803 
3082 4992 
3083 4989 
3084 4961 
3085 4955 
3086 4766 
3087 4938 
3088 4822 
3089 4959 
3090 4852 
3091 4952 
3092 4949 
3093 4915 
3094 4952 
3095 4953 4782 4945 
3096 4910 
3097 4441 
3098 4853 
3099 4972 
3100 4760 
3101 4966 
3102 4955 
3103 4079 
3104 4933 
3105 4760 
3106 4847 
3107 4996 
3108 4966 
3109 4909 
3110 3988 
3111 4945 
3112 4982 
3113 4895 
3114 4079 
3115 4890 4742 
3116 4742 
3117 4736 
3118 4663 
3119 4952 
3120 4998 
3121 4803 
3122 4612 
3123 4952 
3124 4688 
3125 4853 
3126 4901 
3127 4945 
3128 4933 
3129 4971 
3130 4782 
3131 3224 4585 
3132 4984 
3133 4772 4959 
3134 4981 
3135 4822 
3136 4705 
3137 4873 
3138 4876 
3139 4673 
3140 4906 
3141 4879 
3142 4673 
3143 4707 
3144 4974 
3145 4867 
3146 4937 
3147 4904 
3148 4790 
3149 4984 4959 
3150 4585 
3151 4626 
3152 4981 
3153 4971 
3154 4378 
3155 4874 
3156 4995 
3157 4748 
3158 4803 
3159 4979 
3160 5000 
3161 4879 
3162 4516 
3163 4772 
3164 4987 
3165 4928 
3166 4937 
3167 1892 4874 4982 4772 4789 
3168 4952 
3169 4989 
3170 4876 
3171 3224 
3172 4867 
3173 4688 
3174 4946 
3175 4751 
3176 5000 
3177 4600 
3178 4378 
3179 4748 
3180 4748 
3181 4989 
3182 3728 3224 
3183 4982 
3184 4940 
3185 4959 
3186 4909 
3187 3187 1554 4582 
3188 4984 
3189 4756 
3190 4959 
3191 4720 
3192 4938 
3193 4982 
3194 4511 
3195 4972 
3196 4874 
3197 4756 
3198 4953 
3199 4790 
3200 5000 
3201 4612 
3202 4940 
3203 5000 
3204 4847 
3205 4756 
3206 4585 
3207 4966 4906 
3208 4982 
3209 4913 
3210 4867 
3211 4925 
3212 4938 
3213 4974 
3214 4930 
3215 4948 
3216 4993 
3217 4503 
3218 4789 
3219 4993 4553 4946 
3220 4895 
3221 4949 
3222 4959 4822 4876 
3223 4759 
3224 3224 
3225 4974 4079 
3226 4948 
3227 4939 
3228 4856 
3229 4913 
3230 4866 
3231 4879 
3232 4955 
3233 4772 
3234 4953 
3235 4660 
3236 4959 
3237 4982 
3238 4991 
3239 4994 
3240 4884 
3241 4890 
3242 4714 
3243 4966 
3244 4822 
3245 4913 
3246 4912 
3247 4867 
3248 4928 
3249 4511 
3250 4760 
3251 4867 
3252 4866 
3253 4833 
3254 4582 
3255 4989 
3256 4956 
3257 4225 
3258 3988 4707 
3259 4668 
3260 4553 
3261 4864 
3262 4987 
3263 4904 
3264 4873 4789 4976 
3265 4720 
3266 4994 
3267 4984 
3268 4796 
3269 4937 
3270 4777 
3271 4971 
3272 4959 
3273 4822 
3274 4967 4766 
3275 4820 
3276 4744 
3277 4904 
3278 4852 
3279 4933 
3280 4984 4612 4441 
3281 4946 
3282 4759 
3283 4759 
3284 4961 
3285 4766 
3286 4986 
3287 4876 
3288 4909 
3289 4987 
3290 4946 
3291 4441 4796 
3292 4930 4987 
3293 4876 
3294 4966 
3295 4953 
3296 4940 4668 
3297 4079 
3298 4852 
3299 4895 
3300 4972 
3301 4917 
3302 4955 
3303 4930 
3304 4966 
3305 4987 
3306 4626 
3307 4782 
3308 4866 
3309 4896 
3310 4803 
3311 4782 
3312 4948 
3313 4995 
3314 4720 
3315 4992 
3316 4600 
3317 4459 
3318 4847 
3319 4996 
3320 4995 
3321 4917 
3322 4441 
3323 4939 4945 
3324 4553 
3325 4912 
3326 4973 
3327 4952 
3328 4946 
3329 4378 
3330 4883 
3331 4910 
3332 4896 
3333 4993 
3334 3334 
3335 4973 
3336 4553 
3337 4527 
3338 4852 
3339 3988 
3340 4688 
3341 4979 
3342 4966 
3343 4984 
3344 4801 
3345 4441 
3346 4714 
3347 4930 
3348 4961 
3349 4925 
3350 4225 
3351 4772 4906 
3352 4527 
3353 4984 
3354 4867 
3355 4933 
3356 4658 
3357 4626 
3358 4955 
3359 4488 4984 
3360 4912 
3361 4751 
3362 4873 
3363 4658 
3364 4686 
3365 4585 
3366 4974 4488 4901 
3367 3988 
3368 4913 
3369 4705 
3370 4864 
3371 4937 
3372 4867 
3373 4913 
3374 4877 
3375 4444 
3376 4974 
3377 4503 
3378 4527 
3379 4790 
3380 4818 
3381 4993 
3382 4959 
3383 4961 
3384 4915 
3385 4277 4759 4993 
3386 4904 
3387 4994 
3388 4866 
3389 4818 
3390 4952 
3391 4688 
3392 4937 
3393 4789 
3394 4720 
3395 4966 
3396 4946 
3397 4972 
3398 4742 
3399 4789 
3400 4766 
3401 4582 4622 
3402 4906 4912 
3403 4982 
3404 4953 
3405 4981 
3406 4378 
3407 4114 
3408 4972 
3409 4612 
3410 4987 4879 
3411 4668 
3412 4938 
3413 4925 
3414 4485 
3415 4673 4856 
3416 4993 
3417 4876 
3418 4961 
3419 4612 
3420 4974 4890 4978 
3421 4686 
3422 4772 
3423 4705 
3424 4972 
3425 4981 
3426 4993 
3427 4693 
3428 4984 
3429 4777 
3430 4884 
3431 4910 
3432 4864 
3433 4901 
3434 4996 
3435 4973 
3436 4981 
3437 4917 
3438 5000 
3439 4981 
3440 4488 
3441 4956 
3442 4668 
3443 4663 
3444 4756 
3445 4989 4991 4945 
3446 4902 
3447 4933 
3448 4847 
3449 4974 
3450 4948 4993 
3451 4986 
3452 4766 
3453 4946 
3454 4937 
3455 4756 
3456 4984 
3457 4966 
3458 4981 
3459 4856 4998 
3460 4930 
3461 4890 
3462 4948 
3463 4959 
3464 4688 
3465 4856 
3466 4974 4904 4874 
3467 4967 
3468 4956 4864 4967 
3469 4818 
3470 4973 
3471 4668 
3472 4955 
3473 4989 
3474 4856 
3475 4856 
3476 4896 
3477 4996 
3478 4906 
3479 4488 
3480 4982 
3481 4987 
3482 4937 
3483 4972 
3484 4759 
3485 4946 
3486 4915 
3487 4582 
3488 4933 
3489 4782 
3490 4511 
3491 4967 
3492 4953 4987 4938 
3493 4553 
3494 4668 
3495 4890 
3496 4917 
3497 4553 
3498 4585 
3499 4974 
3500 4803 
3501 4993 
3502 4866 
3503 4777 
3504 4930 
3505 4989 
3506 4939 
3507 4852 
3508 4989 
3509 4864 
3510 4906 
3511 4852 
3512 4966 4720 4995 
3513 4909 
3514 4833 
3515 4890 
3516 4909 
3517 4987 
3518 4992 
3519 4945 
3520 4956 
3521 4895 
3522 4989 
3523 4984 
3524 4782 
3525 4803 
3526 4939 
3527 4751 
3528 4378 
3529 4820 
3530 4984 
3531 4917 
3532 4225 4996 
3533 4976 
3534 4776 
3535 4820 
3536 4998 
3537 4853 
3538 4867 
3539 4883 
3540 4978 
3541 4441 
3542 4995 
3543 4917 
3544 3988 
3545 4748 
3546 4959 4879 4915 
3547 4998 
3548 4930 
3549 4997 
3550 4864 
3551 4966 4928 4984 
3552 4720 
3553 4979 
3554 4867 
3555 4979 
3556 4991 
3557 4720 4981 4938 
3558 4955 
3559 4810 
3560 4688 
3561 4909 
3562 4997 
3563 4503 
3564 4993 
3565 4803 
3566 4955 4912 4996 
3567 5000 
3568 4378 
3569 4782 
3570 4693 
3571 4760 
3572 4998 
3573 4955 
3574 4974 
3575 4378 
3576 4444 
3577 4890 
3578 4511 
3579 4984 
3580 4952 
3581 5000 
3582 4937 
3583 4751 
3584 4760 
3585 4940 
3586 4976 
3587 4693 
3588 4915 4867 4810 
3589 4663 
3590 4441 
3591 4777 
3592 4979 
3593 4905 
3594 4961 
3595 4776 
3596 4803 4720 4766 
3597 4904 
3598 4925 
3599 4945 
3600 4369 
3601 4660 
3602 4906 
3603 4759 
3604 4925 
3605 4928 
3606 4967 
3607 4782 
3608 4864 
3609 3728 4789 4946 4884 
3610 4945 
3611 4612 
3612 4530 
3613 4744 
3614 4928 
3615 4277 4441 4971 
3616 4705 
3617 4896 
3618 4772 
3619 4933 
3620 4873 
3621 4441 
3622 4760 
3623 4488 
3624 4976 
3625 4787 
3626 4946 4989 4874 
3627 4978 
3628 4810 
3629 4912 
3630 4984 
3631 4796 
3632 4810 
3633 4991 4946 4600 4810 
3634 4553 
3635 4938 
3636 4896 
3637 4987 
3638 3988 4937 
3639 4991 
3640 4895 
3641 4948 4955 4852 4720 
3642 4810 
3643 4530 
3644 4876 
3645 4772 
3646 4984 4961 4801 4626 
3647 4981 
3648 4996 
3649 4948 
3650 4940 
3651 4984 
3652 4772 4896 
3653 4967 4600 4707 
3654 4776 
3655 4982 
3656 4895 
3657 4997 
3658 4986 
3659 4994 
3660 4996 
3661 4847 
3662 4714 
3663 4079 
3664 4772 
3665 4974 
3666 4782 4688 4967 
3667 4847 
3668 4822 
3669 4895 
3670 4992 
3671 4748 
3672 4952 
3673 4114 
3674 4967 
3675 4772 
3676 4974 
3677 5000 
3678 4930 4902 4658 
3679 4582 
3680 4856 
3681 4939 4668 4852 
3682 4585 
3683 4930 
3684 4760 
3685 4961 
3686 4992 
3687 4864 
3688 4441 
3689 4756 4959 4939 4949 
3690 4904 
3691 4930 
3692 4992 4768 4986 
3693 4772 
3694 4847 
3695 4993 
3696 4974 4937 4982 
3697 3988 3334 
3698 4972 
3699 4582 4902 
3700 4766 
3701 4937 
3702 4913 
3703 4906 
3704 4516 
3705 4756 
3706 4867 
3707 4909 
3708 4966 
3709 4966 
3710 4720 
3711 4553 
3712 4796 
3713 4866 
3714 4883 
3715 4705 
3716 4984 
3717 4953 4751 4553 
3718 4705 
3719 4974 
3720 4953 
3721 4459 4955 4820 
3722 4847 
3723 4751 
3724 3988 4895 4906 4971 
3725 4686 
3726 4955 
3727 4948 
3728 3728 3224 
3729 4853 
3730 4805 
3731 4782 
3732 4890 
3733 4982 
3734 4803 
3735 4622 4582 
3736 4966 
3737 4833 
3738 4805 
3739 4866 
3740 4612 
3741 4966 4913 4818 
3742 4748 
3743 4441 
3744 4803 
3745 4833 
3746 4976 
3747 4114 
3748 4967 
3749 4948 
3750 4803 
3751 4735 
3752 4905 
3753 4973 
3754 4986 
3755 4978 
3756 4114 
3757 4686 4530 4994 
3758 4895 
3759 4933 4079 4852 
3760 4906 4913 4867 
3761 4966 
3762 4901 
3763 4978 
3764 4660 
3765 4971 
3766 4818 
3767 4953 
3768 4760 
3769 4966 
3770 4978 
3771 4864 5000 
3772 4906 
3773 4612 
3774 4768 
3775 4444 
3776 4952 
3777 4904 4225 4796 4874 
3778 4967 
3779 4895 
3780 4974 4772 
3781 4902 
3782 4966 4612 4953 
3783 4853 
3784 4895 
3785 4993 
3786 4937 
3787 4930 
3788 4959 
3789 4996 
3790 4833 4946 4905 4707 
3791 4856 4930 4686 4768 
3792 3988 
3793 4901 
3794 4853 
3795 4612 
3796 4946 
3797 4933 
3798 4979 
3799 4909 
3800 4909 
3801 4714 
3802 4984 
3803 4902 
3804 4940 
3805 4742 
3806 4787 
3807 4989 4992 4971 
3808 4925 
3809 4902 
3810 4989 
3811 4966 
3812 4879 
3813 4986 4909 4913 
3814 4766 
3815 4488 
3816 4867 
3817 4996 
3818 4959 
3819 4789 
3820 4777 
3821 4933 
3822 4622 4582 
3823 4890 
3824 4974 
3825 4991 
3826 4948 
3827 4663 
3828 4772 
3829 4658 
3830 4852 
3831 4981 4939 4966 
3832 4993 
3833 4974 
3834 4852 
3835 4772 
3836 4938 
3837 4940 
3838 4879 
3839 4994 
3840 4996 
3841 4946 
3842 4822 
3843 4974 
3844 4890 
3845 4444 
3846 4895 
3847 4772 
3848 4225 
3849 4917 4967 4978 
3850 4693 4883 4913 
3851 4909 
3852 4955 
3853 4949 
3854 4982 
3855 4781 
3856 4972 
3857 4971 
3858 4949 
3859 4993 
3860 4686 
3861 3988 
3862 4866 
3863 4688 
3864 3728 4369 4930 
3865 5000 
3866 4378 
3867 4705 
3868 4939 
3869 4966 
3870 4971 
3871 4937 4768 4995 
3872 4444 
3873 4772 
3874 4847 
3875 4853 
3876 4972 
3877 4760 
3878 4948 
3879 4993 
3880 4864 4925 4766 4997 
3881 4972 
3882 4930 
3883 4668 
3884 4777 
3885 4668 
3886 4986 
3887 4772 
3888 4796 
3889 4959 
3890 4939 
3891 4781 
3892 4979 
3893 4853 
3894 4777 
3895 4864 
3896 4866 
3897 4760 
3898 4996 
3899 4867 
3900 4673 
3901 4966 
3902 4946 
3903 4772 
3904 4913 
3905 4720 4966 4994 4997 
3906 4503 
3907 4987 
3908 4930 
3909 4971 
3910 4686 
3911 4516 
3912 4853 
3913 4953 
3914 4714 
3915 4772 
3916 4658 
3917 4877 
3918 3988 
3919 4955 4673 4756 4805 
3920 3988 
3921 4818 
3922 4776 
3923 4966 
3924 4939 
3925 4760 
3926 4444 
3927 4243 4937 4818 4978 
3928 4986 
3929 4939 
3930 4810 
3931 4766 4582 1554 4622 
3932 4744 
3933 4939 
3934 4833 4906 4744 4890 
3935 4997 
3936 4901 
3937 4668 
3938 4503 
3939 4913 
3940 4890 
3941 4917 
3942 4912 
3943 4952 
3944 4243 
3945 4986 
3946 4955 
3947 4660 
3948 4961 
3949 4955 
3950 4937 
3951 4459 
3952 4966 
3953 4989 
3954 4917 
3955 4756 
3956 4527 
3957 4928 
3958 4994 
3959 4766 
3960 4991 
3961 4995 
3962 4994 
3963 4955 
3964 4991 
3965 4622 
3966 3224 
3967 4910 
3968 4939 
3969 4864 
3970 4818 
3971 4981 
3972 4974 
3973 4582 
3974 4973 
3975 4992 
3976 4790 4852 4810 
3977 4915 
3978 4967 
3979 4986 
3980 4945 
3981 4582 
3982 4853 
3983 4527 
3984 4686 
3985 4979 
3986 4503 
3987 4801 
3988 3988 
3989 4967 
3990 4945 
3991 4982 
3992 4997 
3993 4895 
3994 4917 
3995 4866 
3996 4974 
3997 4994 
3998 4955 
3999 4883 
4000 4917 
4001 4853 4688 4938 
4002 4905 
4003 4277 
4004 4939 
4005 4441 
4006 4973 
4007 4930 
4008 4847 
4009 4895 
4010 4776 
4011 4938 
4012 4884 
4013 4277 4905 4945 
4014 4940 
4015 4751 
4016 4945 
4017 4777 
4018 4705 
4019 4915 
4020 4967 
4021 4953 
4022 4953 
4023 3988 
4024 4913 
4025 4910 
4026 4864 
4027 4940 
4028 4996 
4029 4952 
4030 4873 
4031 4967 
4032 4993 
4033 4966 
4034 4879 4996 4974 
4035 4847 
4036 4994 
4037 4744 
4038 4984 
4039 4707 
4040 4803 
4041 4772 
4042 4853 
4043 4939 
4044 4949 
4045 4853 
4046 4939 
4047 4789 
4048 4600 
4049 4981 
4050 4079 4705 4853 
4051 4876 
4052 4751 
4053 4933 
4054 4553 
4055 4901 
4056 4735 4658 4864 
4057 4902 
4058 4909 
4059 5000 
4060 4748 
4061 4967 
4062 4971 
4063 4994 
4064 4833 
4065 4378 
4066 4987 
4067 4756 4966 4612 4751 
4068 4890 
4069 4503 
4070 4961 
4071 4748 
4072 4673 
4073 4974 
4074 4079 
4075 4707 
4076 4987 
4077 4818 4940 4959 4967 
4078 4225 
4079 4079 
4080 4790 
4081 4516 
4082 4993 
4083 4966 
4084 4987 
4085 4959 
4086 4906 
4087 4582 4622 
4088 4961 
4089 4989 
4090 4867 
4091 4987 
4092 4956 
4093 4981 
4094 4982 
4095 4991 
4096 4847 4488 4818 4930 4955 
4097 4925 
4098 4822 
4099 4751 
4100 4953 
4101 4949 
4102 4511 
4103 4981 
4104 4705 
4105 4847 
4106 4776 
4107 4945 
4108 4883 
4109 4955 
4110 4917 
4111 4847 4852 4991 4998 
4112 4978 
4113 4996 
4114 4114 
4115 4822 
4116 4974 
4117 4959 
4118 4905 
4119 4856 4905 4959 
4120 4705 
4121 4974 
4122 4902 
4123 4864 
4124 4600 
4125 4776 
4126 4441 
4127 4994 4940 4992 
4128 4693 
4129 4459 
4130 4904 
4131 4378 
4132 4852 
4133 4801 
4134 4735 
4135 4976 4939 4777 4714 
4136 4967 
4137 4946 
4138 4976 
4139 4847 
4140 4772 
4141 4953 4735 4984 
4142 4986 
4143 4967 
4144 4986 
4145 4953 
4146 4979 
4147 4822 
4148 4967 
4149 4995 
4150 4972 
4151 4991 
4152 4909 
4153 4772 
4154 4864 
4155 4693 
4156 4853 
4157 4933 4751 4948 
4158 4952 
4159 4974 4079 4867 4953 
4160 4961 
4161 4884 
4162 4991 
4163 4714 
4164 4277 
4165 4917 4772 4720 4995 
4166 4984 
4167 4847 
4168 4953 
4169 4982 
4170 4905 
4171 4864 
4172 4873 
4173 4915 
4174 4959 
4175 4979 
4176 4759 
4177 4790 
4178 4833 
4179 4877 
4180 4928 
4181 4976 
4182 4959 
4183 4890 
4184 4777 4660 4686 
4185 4925 
4186 4940 
4187 4953 
4188 4976 
4189 4766 3224 3988 4946 
4190 4992 
4191 4994 
4192 4879 
4193 4933 
4194 4901 
4195 4996 
4196 4378 
4197 4906 
4198 4909 
4199 4527 
4200 4853 
4201 4993 
4202 4917 
4203 4582 4978 4902 4822 
4204 4989 
4205 4874 
4206 4912 
4207 4890 
4208 4705 4959 3988 4866 
4209 3988 
4210 4833 4913 4971 4946 
4211 4516 4079 4973 4736 4756 
4212 4982 
4213 4751 
4214 4686 
4215 4971 
4216 4976 
4217 4782 
4218 4976 
4219 4720 
4220 4930 
4221 4938 
4222 4853 
4223 4796 
4224 4853 
4225 4225 
4226 4966 
4227 4972 
4228 4984 
4229 4902 
4230 4873 
4231 4847 
4232 4904 
4233 4971 4895 4735 4997 
4234 4987 
4235 4759 
4236 4866 
4237 4777 4930 4612 4896 
4238 4912 
4239 4953 
4240 4915 
4241 4909 
4242 4766 
4243 4243 
4244 4748 
4245 4818 
4246 4986 
4247 4114 4904 4906 4982 
4248 4946 
4249 4441 
4250 4982 
4251 4938 
4252 4777 
4253 4913 
4254 4987 
4255 4777 
4256 4915 
4257 4705 
4258 4953 
4259 4895 
4260 4847 
4261 4742 
4262 4952 
4263 4890 
4264 4874 
4265 4913 
4266 5000 4852 4801 4917 
4267 4905 
4268 4981 
4269 4953 
4270 4986 
4271 4946 
4272 4939 
4273 4992 
4274 4787 
4275 4917 4971 4874 4879 
4276 3988 
4277 4277 
4278 4772 
4279 4856 
4280 4902 
4281 4735 
4282 4884 
4283 4705 
4284 4925 
4285 4803 
4286 4612 4909 4904 4790 
4287 4994 
4288 4974 
4289 4852 
4290 4946 
4291 5000 
4292 4945 
4293 4949 
4294 4890 
4295 4847 
4296 4948 
4297 4756 4917 4945 4996 
4298 4796 
4299 4993 
4300 4925 
4301 4485 
4302 4971 
4303 4866 
4304 4622 4582 
4305 4995 
4306 4987 
4307 4735 
4308 4553 
4309 4756 
4310 4945 
4311 4966 
4312 4789 
4313 4940 
4314 4930 
4315 4913 
4316 4966 
4317 4904 
4318 4876 
4319 4856 
4320 4915 
4321 5000 
4322 4378 
4323 4847 
4324 4485 
4325 5000 4982 4940 
4326 4973 
4327 4766 
4328 4810 
4329 4974 
4330 4996 4511 4974 4714 
4331 4955 
4332 4796 
4333 4705 
4334 4974 
4335 4441 
4336 4925 
4337 4912 
4338 4801 
4339 4974 
4340 4971 
4341 4966 
4342 4961 
4343 4787 
4344 4759 
4345 4966 
4346 4952 4978 4742 4867 
4347 4966 
4348 4772 
4349 4948 
4350 4979 
4351 4959 
4352 4511 
4353 4801 
4354 4873 
4355 4997 
4356 4972 
4357 4488 4989 4663 
4358 4930 
4359 4909 
4360 4612 
4361 4867 
4362 4663 
4363 4928 
4364 4622 4582 
4365 4378 
4366 4673 
4367 4759 4705 4949 4979 
4368 4742 4760 4933 4972 
4369 4369 
4370 4805 
4371 4852 
4372 4915 
4373 4874 
4374 4953 
4375 4874 
4376 4937 
4377 4766 
4378 4378 
4379 4992 
4380 4884 
4381 4967 4751 4714 4877 
4382 4989 4686 4777 4974 
4383 4996 
4384 4967 
4385 4884 
4386 4776 
4387 4987 
4388 4890 4945 4906 
4389 4987 
4390 4485 
4391 4707 
4392 4959 
4393 4853 
4394 4989 
4395 4913 
4396 4867 
4397 4553 
4398 4996 4822 4877 4225 
4399 4979 
4400 4873 
4401 4441 
4402 4996 
4403 4781 
4404 4901 4079 4756 4995 
4405 4940 
4406 4948 
4407 4847 
4408 4961 
4409 4909 
4410 4787 
4411 4952 
4412 4966 
4413 4890 
4414 4720 
4415 4720 
4416 4890 4930 4686 4789 
4417 4803 
4418 4864 4720 3988 
4419 4673 
4420 4801 
4421 4946 
4422 4978 
4423 4873 
4424 4612 
4425 4760 
4426 4994 
4427 4707 
4428 4910 
4429 4993 
4430 4955 
4431 4904 
4432 4992 
4433 4979 
4434 4896 4981 4879 4707 
4435 4853 4079 4663 
4436 4996 
4437 4925 
4438 4953 
4439 4485 
4440 4890 
4441 4441 
4442 4974 
4443 4444 
4444 4444 
4445 4890 
4446 4933 
4447 4751 
4448 4928 
4449 4782 
4450 4991 
4451 4976 
4452 4751 4939 4972 4998 
4453 4994 
4454 4760 
4455 4879 
4456 4904 
4457 4940 
4458 4852 
4459 4459 
4460 4955 
4461 4441 4772 4782 4959 
4462 4995 
4463 4981 
4464 4867 
4465 5000 3988 4994 4913 
4466 4997 
4467 4986 
4468 4966 
4469 4966 
4470 4876 
4471 4782 
4472 4913 4686 4895 4511 
4473 4945 
4474 4966 
4475 4953 
4476 4600 
4477 4803 
4478 4818 
4479 4760 4906 4938 4867 
4480 4971 
4481 4277 
4482 4994 4930 4913 4986 4953 
4483 4902 
4484 4959 
4485 4485 
4486 4961 4974 4874 4966 
4487 4966 
4488 4488 
4489 4803 
4490 4979 
4491 4902 
4492 4790 
4493 4955 
4494 4772 
4495 4781 
4496 4444 
4497 4902 
4498 5000 
4499 4772 4974 4896 4946 
4500 4981 
4501 4996 
4502 4626 
4503 4503 
4504 4994 
4505 4658 
4506 4901 
4507 4925 
4508 4867 4971 4928 
4509 4948 
4510 4979 
4511 4511 
4512 4937 
4513 4952 
4514 4917 
4515 4955 
4516 4516 
4517 4971 4909 4600 4883 
4518 4516 
4519 4998 
4520 4441 4905 4937 4748 
4521 4488 4971 4688 4796 
4522 4818 
4523 4777 
4524 4876 
4525 4751 
4526 4994 
4527 4527 
4528 4864 
4529 4760 4890 4742 4997 
4530 4530 
4531 4810 
4532 4971 
4533 4953 
4534 4847 
4535 4867 
4536 4909 
4537 4772 
4538 4994 
4539 4987 
4540 4866 
4541 4940 
4542 4946 
4543 4991 
4544 4803 
4545 4378 
4546 4933 
4547 4946 
4548 4852 
4549 4906 4991 4989 4714 
4550 4937 
4551 4822 
4552 4959 
4553 4553 
4554 4796 
4555 4864 
4556 4852 
4557 4759 
4558 4805 
4559 3224 4441 4803 4952 
4560 4736 
4561 4966 4992 4444 4867 
4562 4966 
4563 4883 
4564 4801 
4565 4904 
4566 4995 
4567 4930 
4568 4976 
4569 4760 
4570 4772 
4571 4820 
4572 4972 
4573 4972 
4574 4902 
4575 4971 
4576 4853 
4577 4945 
4578 4760 
4579 4945 
4580 4993 4956 4705 4981 
4581 4876 
4582 4582 
4583 4756 4909 4973 4991 
4584 4883 
4585 4585 
4586 4742 
4587 4744 
4588 4890 
4589 4984 4668 4979 4971 
4590 4853 
4591 4114 4079 4946 4883 
4592 4707 
4593 4895 
4594 4736 4949 4756 4853 
4595 4751 
4596 4803 
4597 4930 
4598 4876 
4599 4917 
4600 4600 
4601 4833 
4602 4992 
4603 4756 
4604 4759 4939 3988 4937 
4605 4853 
4606 4810 
4607 4948 4585 4707 
4608 4744 
4609 4996 
4610 4766 
4611 4742 
4612 4612 
4613 4766 
4614 4909 
4615 4912 
4616 4976 
4617 4876 
4618 4766 4940 4890 4973 
4619 4976 
4620 4768 
4621 4961 
4622 4622 4582 
4623 4867 
4624 4997 
4625 4993 
4626 4626 
4627 4981 
4628 4847 
4629 4981 
4630 4873 
4631 4993 
4632 4997 
4633 4895 
4634 4720 
4635 4982 
4636 4995 
4637 4933 4777 4378 4225 
4638 4945 
4639 4896 
4640 4744 
4641 4917 
4642 4955 
4643 4759 
4644 4940 
4645 4955 
4646 4768 
4647 4959 
4648 4756 
4649 4772 
4650 4938 
4651 4693 
4652 4953 
4653 4952 
4654 4913 
4655 4693 4553 4933 4993 
4656 4853 
4657 4853 
4658 4658 
4659 4912 
4660 4660 
4661 4949 
4662 4909 
4663 4663 
4664 4913 4909 4971 4912 
4665 4876 
4666 4658 4946 4890 4874 
4667 4766 4822 4890 4803 
4668 4668 
4669 4612 4979 4890 4978 
4670 4981 
4671 4742 
4672 4789 
4673 4673 
4674 4996 
4675 4993 
4676 4993 
4677 4955 4516 4876 4913 
4678 4976 
4679 4946 
4680 4994 
4681 4756 
4682 4756 
4683 4991 
4684 4953 
4685 4459 4663 4756 4933 
4686 4686 
4687 4879 
4688 4688 
4689 4901 
4690 4912 
4691 4992 
4692 4913 
4693 4693 
4694 4955 
4695 4856 
4696 4994 
4697 4748 4735 4993 4686 4760 
4698 4876 
4699 4981 
4700 4766 
4701 4991 
4702 4971 
4703 4879 
4704 4772 
4705 4705 
4706 4884 
4707 4707 
4708 4974 
4709 4946 
4710 4852 
4711 4890 
4712 4748 
4713 4959 
4714 4714 
4715 4720 
4716 4993 
4717 4994 4243 4996 4974 
4718 4913 
4719 4967 
4720 4720 
4721 4810 
4722 4705 
4723 4913 
4724 4917 
4725 4976 
4726 4906 
4727 4876 
4728 4961 
4729 4772 
4730 4803 
4731 4803 
4732 4904 
4733 4777 4946 4789 4705 
4734 4867 
4735 4735 4997 
4736 4736 
4737 4998 
4738 4979 
4739 4877 
4740 4866 
4741 4939 4973 4981 4853 
4742 4742 
4743 4822 
4744 4744 
4745 4937 
4746 4937 4867 4790 4915 
4747 4904 
4748 4748 
4749 4822 
4750 4959 
4751 4751 
4752 4902 
4753 4876 
4754 4933 
4755 4994 
4756 4756 
4757 4984 
4758 4998 
4759 4759 
4760 4760 
4761 4972 
4762 4967 
4763 3988 4488 4913 4955 
4764 4971 
4765 4959 
4766 4766 
4767 4714 4877 
4768 4768 
4769 4766 
4770 4949 
4771 4777 
4772 4772 
4773 4751 4895 4989 4997 
4774 4939 
4775 4742 4883 4789 4995 
4776 4776 
4777 4777 
4778 4987 
4779 4984 
4780 4805 
4781 4781 
4782 4782 
4783 4992 
4784 4772 
4785 4378 
4786 4906 
4787 4787 
4788 4982 
4789 4789 
4790 4790 
4791 4987 
4792 4933 
4793 4890 5000 4982 4991 
4794 4756 
4795 4760 
4796 4796 
4797 4612 
4798 4766 
4799 4978 
4800 4966 
4801 4801 
4802 4937 
4803 4803 
4804 4820 
4805 4805 
4806 4998 
4807 4974 4917 4971 4904 
4808 4930 
4809 4945 
4810 4810 
4811 4939 
4812 4928 
4813 4810 
4814 4972 
4815 4979 
4816 4928 
4817 4987 
4818 4818 
4819 4748 4782 4971 4991 
4820 4820 
4821 4553 
4822 4822 
4823 4938 4984 4622 4612 
4824 4884 
4825 4938 
4826 4971 
4827 4877 
4828 4937 
4829 4760 
4830 4987 
4831 4378 4946 4883 4904 
4832 4989 
4833 4833 
4834 4974 3988 4873 4997 
4835 4997 
4836 4939 
4837 4895 
4838 4511 4992 4873 4949 
4839 4959 
4840 4978 
4841 4938 
4842 4984 4956 4600 4913 
4843 4890 4772 4852 4781 
4844 4833 
4845 4803 
4846 4998 
4847 4847 
4848 4884 
4849 4864 
4850 4967 
4851 4488 4736 4853 4991 
4852 4852 
4853 4853 
4854 4994 
4855 4994 4917 4714 4867 
4856 4856 
4857 4890 
4858 4981 
4859 4883 4766 4760 4803 
4860 4987 
4861 4853 4917 4660 4991 
4862 4928 
4863 4913 
4864 4864 
4865 4766 
4866 4866 
4867 4867 
4868 4912 
4869 4996 
4870 4772 4768 4974 4996 
4871 4994 
4872 4688 4946 4984 4796 
4873 4873 
4874 4874 
4875 4993 
4876 4876 
4877 4877 
4878 4876 
4879 4879 
4880 4874 
4881 4991 
4882 4989 
4883 4883 
4884 4884 
4885 4995 
4886 4904 
4887 4873 
4888 4909 
4889 4937 4953 4820 4768 
4890 4890 
4891 4853 
4892 4867 
4893 4996 
4894 4992 
4895 4895 
4896 4896 
4897 4925 4955 4866 4945 
4898 4961 
4899 4973 
4900 4930 
4901 4901 
4902 4902 
4903 4972 
4904 4904 
4905 4905 
4906 4906 
4907 4928 
4908 4984 
4909 4909 
4910 4910 
4911 4867 
4912 4912 
4913 4913 
4914 4441 
4915 4915 
4916 4742 4777 4441 4760 
4917 4917 
4918 4953 
4919 4913 
4920 4913 
4921 4933 4658 4852 4912 
4922 4867 4939 4707 4953 
4923 4996 
4924 4973 
4925 4925 
4926 4981 
4927 4772 
4928 4928 
4929 4945 
4930 4930 
4931 4997 
4932 4937 3988 4913 4928 
4933 4933 
4934 4986 
4935 4939 
4936 4946 
4937 4937 
4938 4938 
4939 4939 
4940 4940 
4941 4993 
4942 4972 
4943 4946 
4944 4369 4895 4979 4751 
4945 4945 
4946 4946 
4947 4864 4853 4766 4705 
4948 4948 
4949 4949 
4950 4939 4243 4984 4933 
4951 4976 
4952 4952 
4953 4953 
4954 4966 
4955 4955 
4956 4956 
4957 4967 
4958 4959 
4959 4959 
4960 4913 
4961 4961 
4962 4945 
4963 4913 
4964 4527 4756 4938 4884 
4965 4967 
4966 4966 
4967 4967 
4968 4984 
4969 4995 
4970 4688 4441 4976 4972 
4971 4971 
4972 4972 
4973 4973 
4974 4974 
4975 4856 4984 4705 4966 
4976 4976 
4977 4803 4720 4949 4955 
4978 4978 
4979 4979 
4980 4959 
4981 4981 
4982 4982 
4983 4995 
4984 4984 
4985 4852 
4986 4986 
4987 4987 
4988 4622 4984 4966 4961 4582 
4989 4989 
4990 4933 
4991 4991 
4992 4992 
4993 4993 
4994 4994 
4995 4995 
4996 4996 
4997 4997 
4998 4998 
4999 4945 
5000 5000 
