1 4440 
2 2792 
3 4892 
4 4738 
5 4527 
6 4986 4798 4988 
7 4664 
8 4880 4986 
9 4440 
10 4995 
11 4997 
12 4996 
13 4997 
14 4959 
15 4759 
16 4787 
17 4868 
18 4945 
19 4746 
20 4932 
21 4924 
22 4972 
23 4692 
24 4651 
25 4880 
26 4976 
27 4979 
28 4930 
29 4787 
30 4508 
31 4698 
32 4956 
33 4953 
34 4392 
35 4787 4924 
36 4995 
37 4967 
38 4708 
39 4782 
40 4604 
41 4853 
42 4823 
43 4796 
44 4800 
45 4973 
46 3274 
47 4508 
48 4886 
49 4961 
50 4443 
51 4939 
52 4954 
53 3223 
54 4690 
55 4966 
56 4184 
57 4966 
58 4692 
59 4782 
60 4896 
61 4959 
62 4766 
63 4519 
64 4901 
65 2842 
66 4974 
67 4832 
68 4766 
69 4111 4939 4991 
70 4508 
71 4977 
72 4880 
73 4972 
74 4951 
75 4970 
76 4951 
77 4967 
78 4932 
79 4879 
80 3274 4823 
81 4692 
82 4766 
83 4811 
84 4767 
85 4265 
86 4945 
87 4585 
88 4901 4986 
89 4811 
90 4932 
91 4977 
92 4690 3274 4896 
93 4560 
94 3274 
95 4832 
96 4953 
97 4697 
98 4868 
99 4270 
100 4923 
101 4477 4777 4831 4833 
102 4527 
103 4967 
104 4969 
105 4773 
106 4766 
107 4970 
108 4970 
109 4882 
110 4915 
111 4767 
112 4910 
113 4443 
114 4923 
115 4690 4970 
116 4250 
117 4823 
118 4972 
119 4974 
120 4976 
121 4706 
122 3274 
123 4101 
124 4808 
125 4959 
126 3577 
127 4678 
128 4559 
129 4930 
130 4767 
131 4759 
132 4796 
133 4901 
134 4708 
135 4787 
136 4765 4821 
137 4706 
138 4746 
139 4027 
140 4824 
141 4995 
142 4903 
143 4991 
144 4951 
145 4951 
146 4871 4939 
147 4939 
148 4945 
149 4440 
150 4796 
151 4823 
152 4896 
153 4945 
154 4705 
155 4693 
156 4959 
157 4851 
158 4908 
159 4265 
160 4443 
161 4766 
162 4979 4705 4535 4917 4999 
163 4932 
164 4871 
165 3640 3274 
166 4727 
167 4868 
168 4996 
169 4945 
170 4923 
171 4527 
172 4949 
173 4535 4692 4833 
174 4875 
175 4831 
176 4831 
177 4988 
178 4886 
179 4556 
180 4982 
181 4903 
182 3775 
183 4994 
184 3246 
185 4831 
186 4766 
187 4939 
188 4945 
189 4560 
190 4798 
191 4966 4733 
192 4701 
193 4651 
194 4808 
195 4979 
196 4527 
197 4708 
198 4265 4773 
199 4970 
200 4738 
201 4833 
202 4998 
203 5000 
204 2993 
205 4799 
206 4962 
207 4879 
208 4939 
209 4392 
210 4836 4703 
211 4994 
212 4956 
213 3274 
214 4346 
215 4281 
216 4705 
217 4692 
218 4875 
219 4871 
220 4976 
221 4945 
222 4967 
223 4771 
224 4896 
225 2274 
226 4992 
227 4871 4963 
228 4706 
229 4535 3274 
230 4706 
231 4917 
232 4977 
233 4959 
234 4585 
235 4121 
236 4705 4966 
237 4998 
238 4979 
239 4977 
240 4443 
241 4951 
242 4903 
243 4088 4901 
244 4556 
245 3274 
246 4953 
247 4477 
248 4953 
249 4998 
250 4963 
251 4961 
252 4705 
253 4879 
254 4784 
255 4969 
256 4932 
257 4896 
258 4984 
259 4868 4443 
260 3977 
261 4880 
262 2694 
263 4992 
264 4999 
265 4954 
266 3234 
267 4281 
268 4896 
269 4892 
270 4875 
271 4705 
272 4967 
273 3992 
274 2792 
275 4832 
276 4879 
277 2694 
278 4998 
279 3977 
280 4923 
281 2040 
282 4821 
283 4771 
284 4996 
285 3774 
286 4967 
287 3992 
288 4988 
289 4775 
290 5000 
291 4766 
292 4773 
293 4703 
294 4977 
295 4992 
296 4926 
297 4955 4917 
298 4625 
299 4969 
300 4746 
301 4690 4831 4824 
302 4986 
303 4974 
304 4908 
305 4926 
306 4871 
307 4998 
308 3625 
309 4962 
310 4871 
311 4982 
312 4119 
313 4808 
314 4585 
315 4670 
316 4831 
317 4991 
318 4956 
319 4998 
320 4979 
321 4880 
322 5000 
323 3775 
324 4527 
325 4992 
326 4926 
327 4659 5000 
328 4896 
329 4693 
330 4787 
331 4798 
332 3891 
333 4824 
334 4963 
335 4991 
336 4833 
337 3977 
338 4997 
339 4767 
340 4831 
341 4939 
342 4337 
343 4951 
344 4886 
345 4962 
346 4312 4078 
347 4945 
348 4784 
349 4281 
350 4963 
351 4775 
352 4851 
353 4968 
354 4325 
355 4346 
356 4535 4312 
357 4875 
358 4693 
359 4961 4945 
360 4966 
361 4924 
362 4984 
363 4535 
364 4670 
365 4766 
366 4281 
367 4924 
368 4966 
369 4901 
370 4392 
371 4738 
372 4777 
373 4924 
374 4538 
375 5000 
376 4312 
377 4472 
378 4880 
379 4961 
380 4896 
381 4745 
382 4968 
383 2040 4882 
384 4972 
385 4973 
386 4821 
387 4787 
388 3774 
389 4963 
390 4633 
391 4443 4111 
392 4991 
393 4949 
394 4969 
395 4992 
396 4585 
397 4984 
398 4787 
399 4477 
400 4955 
401 3992 
402 4923 
403 4986 
404 3640 
405 4992 
406 2993 
407 4766 
408 4738 
409 4625 
410 4782 
411 4939 
412 4976 
413 4771 
414 4986 
415 3977 
416 4994 4633 4733 
417 4999 
418 4951 
419 4851 
420 4984 
421 4805 
422 4994 
423 4832 
424 4998 
425 4690 
426 4903 
427 4798 4896 
428 4560 
429 4407 3223 
430 4880 
431 4746 
432 4994 
433 4747 
434 4670 
435 4585 
436 4986 
437 4706 
438 4824 
439 4944 
440 4490 
441 4443 
442 4824 
443 4535 
444 3891 4789 
445 2694 
446 4698 
447 4508 
448 4917 
449 4851 
450 2274 
451 4467 
452 2587 4968 
453 4362 
454 4896 
455 4493 
456 4706 
457 4535 4860 
458 4974 
459 4875 
460 4967 
461 4767 
462 4992 
463 4945 
464 4901 
465 4868 
466 4973 
467 4690 
468 4659 
469 4697 
470 4963 
471 4706 
472 4538 4490 
473 4976 
474 4787 
475 4882 
476 4961 
477 4988 
478 4991 
479 4777 
480 4759 
481 3246 
482 4766 
483 3274 
484 4996 
485 4337 
486 4585 
487 4832 
488 4917 
489 4962 4966 
490 4959 
491 4868 
492 4986 
493 4962 
494 4924 
495 4670 
496 3223 
497 3274 
498 4519 
499 4407 
500 4692 
501 4903 
502 4088 
503 4690 
504 4945 4901 
505 4443 
506 4508 
507 4472 
508 4477 
509 4746 
510 4961 
511 4808 
512 4853 
513 4959 
514 4996 
515 4508 
516 4766 
517 4824 
518 4979 
519 4706 4991 4250 
520 4121 
521 4990 
522 4955 
523 4871 
524 4926 
525 4999 
526 4992 
527 4745 
528 4999 
529 4054 
530 4823 
531 4585 
532 4604 
533 2993 
534 4963 
535 3274 
536 4982 
537 4670 
538 4454 
539 4773 3774 4999 
540 4961 
541 4990 
542 4972 
543 4871 
544 4999 
545 4746 
546 4945 
547 4833 
548 4119 
549 4587 
550 4708 2587 4986 
551 4939 
552 3274 
553 3274 
554 4930 
555 4955 
556 4784 
557 4996 
558 4939 
559 4824 
560 4968 
561 4945 
562 4990 
563 4670 
564 2792 
565 4651 
566 4784 
567 4991 
568 4995 
569 4706 
570 4831 
571 4954 
572 4701 
573 4798 
574 4908 4954 4966 
575 4930 
576 4999 
577 3977 
578 4896 
579 4625 
580 4706 
581 4962 
582 4765 
583 4969 
584 4746 
585 4955 
586 4997 
587 4798 
588 4882 
589 2792 
590 4078 
591 4926 4882 4924 
592 4443 
593 3274 
594 4903 
595 4880 
596 4892 
597 4705 
598 4924 
599 4746 
600 4560 
601 4982 
602 4811 
603 4651 
604 4508 
605 4027 
606 4831 
607 3803 
608 4831 4556 
609 4994 
610 4538 
611 4979 
612 4959 
613 4976 
614 4915 
615 4706 
616 4831 
617 4477 
618 4325 
619 4955 
620 4896 
621 5000 
622 4959 
623 4708 
624 4823 
625 4508 
626 4767 
627 4945 
628 4767 
629 4896 
630 4824 
631 4974 
632 4962 
633 4886 4955 
634 3640 
635 4527 2587 
636 4976 
637 4923 
638 4951 
639 4727 
640 4738 
641 4265 
642 4559 
643 4996 
644 4312 
645 4782 
646 4808 
647 4692 
648 4823 
649 4659 
650 4587 
651 4871 
652 4972 
653 4701 4901 
654 4535 
655 4882 
656 4746 4767 
657 4535 
658 4467 
659 4956 
660 4787 
661 4833 
662 4508 
663 4974 
664 4926 
665 4119 
666 4880 
667 4706 
668 3977 
669 4915 
670 4860 
671 3775 
672 4880 
673 4265 
674 4995 
675 4915 
676 4903 
677 4766 
678 4896 3803 
679 4988 
680 4968 
681 4443 
682 4944 
683 4808 4933 
684 4745 
685 4773 4519 
686 4281 
687 3274 
688 4932 
689 3274 4705 
690 4968 
691 4798 
692 2587 
693 4926 
694 4999 
695 4392 
696 4982 
697 4519 
698 3108 
699 2792 
700 4963 
701 4733 
702 4454 
703 4988 
704 4988 
705 4910 
706 4951 
707 4101 4984 
708 2842 
709 4923 
710 4490 4994 
711 4868 
712 4017 
713 4954 
714 4988 
715 4924 
716 4708 
717 4915 
718 4991 
719 3274 
720 4962 
721 4896 
722 4617 
723 4632 
724 4970 
725 5000 
726 4392 
727 4973 
728 4939 
729 4924 
730 4972 
731 4392 
732 4970 
733 4701 4811 
734 4836 
735 4805 
736 4944 
737 4879 
738 4467 
739 4527 4831 
740 4949 
741 4968 
742 4882 
743 4119 
744 4999 
745 4979 
746 4337 
747 4782 
748 4976 
749 4962 
750 4535 
751 4879 
752 4467 4659 
753 4418 4962 
754 4745 
755 4933 4832 4880 
756 4860 
757 4959 
758 4984 
759 4967 
760 4970 
761 4955 
762 4693 
763 3108 
764 3223 
765 4930 
766 4690 4767 4799 4910 
767 4976 
768 4954 
769 4787 
770 4800 
771 4800 
772 4697 
773 4054 
774 3977 
775 4949 
776 3803 
777 4771 
778 4871 
779 4121 
780 4784 
781 4836 
782 4493 
783 4706 
784 4926 
785 4967 
786 4250 
787 4633 
788 4989 
789 4270 
790 4508 
791 4777 
792 4992 
793 4982 
794 4746 
795 4999 
796 4443 
797 4119 
798 4880 
799 4111 4693 
800 4556 
801 4832 
802 2587 
803 4527 
804 4585 
805 4472 
806 4966 
807 4824 
808 4962 
809 4443 4969 
810 4926 
811 4986 
812 4875 
813 4882 
814 4362 
815 4977 
816 4996 
817 4991 
818 4782 
819 4678 4974 4703 4999 
820 4974 
821 3803 4930 
822 4951 
823 4932 
824 4346 
825 4604 
826 4990 
827 4805 
828 4959 
829 4745 
830 3577 
831 4996 
832 4984 
833 4979 
834 4860 
835 4962 4705 
836 4823 
837 4955 
838 4988 
839 4953 
840 4963 
841 4926 
842 4868 
843 4886 
844 4995 
845 4939 
846 4967 
847 4746 
848 4998 
849 4745 
850 3577 
851 4997 
852 4986 
853 4963 
854 4265 
855 4767 
856 3625 
857 4886 
858 4585 
859 2792 
860 4882 
861 4892 
862 4998 
863 4998 
864 4746 
865 4951 
866 4969 
867 4362 
868 4932 
869 4733 
870 4678 4933 
871 4926 
872 4836 
873 4767 
874 3274 4994 
875 4923 
876 4701 
877 4824 
878 4903 
879 4798 
880 4771 
881 3774 
882 4973 
883 4535 
884 4454 
885 4977 
886 4972 
887 4745 
888 4664 
889 4184 
890 4727 4811 
891 4851 
892 4880 
893 4101 
894 4968 
895 1290 4787 
896 4868 
897 4994 
898 4974 
899 4784 
900 4121 
901 4886 
902 4407 
903 4407 
904 4910 
905 4101 
906 4880 
907 4805 
908 4708 
909 3223 
910 4697 
911 4527 3774 
912 4777 
913 4994 
914 4962 
915 4824 4831 
916 4604 
917 4281 
918 4027 
919 4747 
920 4972 
921 4974 
922 4617 
923 3108 
924 4982 
925 4670 
926 4871 
927 4833 
928 4939 
929 4944 
930 4805 
931 4767 
932 2587 4831 
933 4926 
934 4926 
935 4967 
936 4759 
937 4787 
938 4990 
939 4989 
940 4951 
941 4974 
942 4759 
943 4954 
944 4970 
945 4982 
946 4808 
947 4773 
948 4670 
949 4617 
950 4587 
951 4910 
952 4418 
953 4836 
954 4984 
955 4560 
956 4954 
957 4836 
958 4767 4831 
959 4973 
960 4968 
961 4932 
962 4121 4346 4954 
963 4933 
964 4633 
965 4746 
966 4880 
967 3774 
968 4892 
969 4945 
970 4078 
971 4796 
972 4954 
973 4955 
974 3625 
975 4875 
976 4991 
977 4692 
978 4392 
979 4997 
980 4508 
981 4604 
982 4984 
983 4908 
984 4974 
985 4996 
986 4633 
987 4805 
988 4538 
989 4805 
990 4996 
991 4705 
992 4945 4443 4789 4988 
993 4765 
994 4633 
995 4808 
996 4979 
997 4392 
998 4805 
999 4868 
1000 4979 4767 4746 
1001 4078 4811 
1002 4101 
1003 4879 
1004 4767 
1005 4824 
1006 4966 
1007 4535 3891 
1008 2792 
1009 4250 
1010 4782 
1011 3774 
1012 4879 
1013 4773 
1014 4519 
1015 4968 
1016 4882 
1017 4991 
1018 4775 
1019 4939 
1020 4924 
1021 4926 
1022 4944 
1023 4949 
1024 4992 
1025 4670 
1026 4945 
1027 4923 
1028 4896 
1029 4972 
1030 4991 
1031 4880 
1032 4078 3891 
1033 4690 
1034 4932 4773 
1035 4703 
1036 4988 4860 
1037 5000 
1038 4805 
1039 4664 
1040 4933 
1041 4705 4973 
1042 4926 
1043 3891 
1044 4811 
1045 4994 
1046 4962 
1047 4871 
1048 4747 
1049 4966 
1050 4678 
1051 4784 
1052 4991 4418 
1053 4986 
1054 3803 4585 
1055 4585 4789 
1056 4101 
1057 4961 
1058 4880 
1059 4939 
1060 3774 4767 4886 
1061 4697 
1062 4886 
1063 4632 
1064 4908 
1065 4882 
1066 3775 
1067 4823 
1068 4997 
1069 4944 
1070 4440 
1071 4886 4973 
1072 3992 
1073 4939 
1074 4773 
1075 4880 
1076 4745 
1077 4312 
1078 3799 
1079 4966 
1080 4879 
1081 4966 
1082 4693 
1083 4559 
1084 4265 
1085 4967 
1086 4973 
1087 4811 
1088 4962 
1089 4560 
1090 3774 
1091 4811 
1092 4119 
1093 4312 
1094 4800 
1095 4915 
1096 3625 
1097 4585 4312 
1098 4759 
1099 4585 
1100 4961 
1101 4995 
1102 4851 
1103 3577 
1104 4250 
1105 4992 
1106 4962 
1107 4959 
1108 2842 
1109 4831 
1110 4997 
1111 4664 
1112 4527 
1113 4454 
1114 4886 
1115 4705 
1116 4995 
1117 4519 
1118 4998 
1119 4968 
1120 4265 
1121 4926 
1122 4994 
1123 4910 
1124 4988 
1125 4923 
1126 4997 
1127 4926 4670 
1128 4708 
1129 4767 
1130 4440 4738 
1131 4972 
1132 4477 
1133 4346 
1134 4992 
1135 4970 
1136 4184 
1137 4994 
1138 4392 
1139 4738 
1140 4632 
1141 4101 
1142 4733 
1143 4708 
1144 4989 
1145 2694 
1146 4930 
1147 4915 
1148 4963 
1149 4966 
1150 4896 
1151 4998 
1152 4337 
1153 4984 
1154 4991 
1155 4973 
1156 4798 
1157 2792 
1158 4988 
1159 4901 
1160 4896 
1161 4443 
1162 4951 
1163 4974 
1164 4519 
1165 3625 
1166 4860 
1167 4692 
1168 4955 
1169 4831 4738 
1170 4992 
1171 4871 
1172 4908 
1173 4805 
1174 4281 
1175 4789 
1176 4882 4915 
1177 3775 
1178 2993 
1179 4705 
1180 4962 
1181 4766 
1182 3274 
1183 4932 
1184 4979 
1185 4984 
1186 4767 4945 
1187 4963 4508 4886 
1188 4989 
1189 4932 
1190 4119 
1191 4973 
1192 4969 
1193 4706 
1194 4443 4811 
1195 4966 
1196 4963 
1197 4968 
1198 4901 
1199 4833 
1200 4966 
1201 4880 
1202 4995 
1203 4977 
1204 4787 
1205 3108 
1206 4955 
1207 4766 
1208 4853 
1209 4054 
1210 3274 
1211 4054 4970 4604 
1212 4362 
1213 4823 
1214 4932 
1215 4875 
1216 4831 
1217 4538 4078 
1218 4706 
1219 4698 
1220 4767 4440 
1221 4519 
1222 4705 
1223 4821 
1224 4670 
1225 4976 
1226 4995 
1227 4992 
1228 4836 
1229 4587 
1230 4923 
1231 4853 
1232 4982 
1233 4851 
1234 4805 
1235 4994 
1236 3625 4312 4443 
1237 4508 4527 
1238 4953 
1239 4789 
1240 4746 4777 
1241 4625 
1242 4953 
1243 4706 
1244 4896 
1245 3774 
1246 4787 
1247 4508 
1248 4121 
1249 4535 
1250 4706 
1251 4443 4851 4535 4767 
1252 4538 
1253 4831 
1254 4933 
1255 4119 
1256 4346 
1257 4796 
1258 4932 
1259 4454 
1260 4250 
1261 4949 
1262 4945 
1263 3577 
1264 4923 
1265 4851 
1266 4915 
1267 3977 
1268 4967 
1269 3775 
1270 4625 
1271 4706 
1272 4986 
1273 4088 
1274 4923 
1275 2993 
1276 4986 
1277 4969 
1278 4831 
1279 4787 
1280 4979 
1281 4692 
1282 4690 
1283 4968 
1284 4990 
1285 4982 
1286 4784 
1287 4989 
1288 4967 
1289 4805 4836 4868 
1290 1290 4706 
1291 4697 
1292 4972 
1293 4538 
1294 4939 
1295 4949 
1296 4346 
1297 4832 
1298 4617 
1299 4974 
1300 4955 
1301 4923 
1302 4808 
1303 4824 
1304 4821 
1305 4954 
1306 4346 
1307 4823 
1308 4994 
1309 4738 
1310 4982 
1311 3640 
1312 4281 
1313 2587 4659 
1314 2587 4556 
1315 4995 
1316 4977 
1317 4771 
1318 4986 
1319 4733 
1320 3274 
1321 4759 
1322 4767 
1323 4727 
1324 4984 
1325 4088 
1326 4706 
1327 4979 
1328 4977 3775 
1329 4808 
1330 4999 
1331 4945 
1332 4996 
1333 4527 
1334 4908 
1335 4961 
1336 4989 
1337 4972 
1338 4999 
1339 4805 
1340 4119 
1341 4992 
1342 4956 
1343 4585 
1344 4976 
1345 4959 
1346 4789 4346 4999 
1347 4832 
1348 4392 
1349 4759 
1350 4824 
1351 4945 4991 4733 
1352 4017 
1353 4939 
1354 4977 
1355 4698 
1356 4970 
1357 4705 
1358 3234 2842 
1359 4767 
1360 4833 
1361 4880 
1362 4962 
1363 4805 4977 
1364 4701 
1365 4959 
1366 4560 
1367 4698 
1368 4362 
1369 4538 
1370 4924 
1371 4997 
1372 4984 
1373 4407 
1374 4945 4901 4705 
1375 4999 
1376 4968 
1377 4559 
1378 4472 
1379 4784 
1380 4823 
1381 4697 
1382 4706 
1383 4923 
1384 4692 
1385 4101 
1386 4972 
1387 4989 
1388 4824 4989 4997 
1389 4184 
1390 4945 
1391 4880 
1392 4766 
1393 4759 
1394 4976 
1395 4875 
1396 4651 
1397 4955 
1398 4984 
1399 4808 
1400 4974 
1401 4974 
1402 4974 
1403 3108 
1404 3774 4535 
1405 4955 
1406 4951 
1407 4953 
1408 4949 
1409 4917 
1410 2587 
1411 4767 
1412 4933 
1413 4559 
1414 4994 4312 4738 
1415 4811 
1416 4831 4773 4933 
1417 3891 
1418 3223 
1419 4831 
1420 4698 
1421 4738 4440 4775 
1422 4982 
1423 4955 
1424 4467 
1425 4988 
1426 4766 
1427 2526 
1428 4962 
1429 4535 
1430 4994 
1431 4805 
1432 4746 
1433 4882 
1434 4789 
1435 4923 
1436 4325 
1437 4977 
1438 4955 
1439 4775 
1440 3774 
1441 4808 
1442 4759 
1443 4991 
1444 4984 
1445 4535 
1446 3246 
1447 4664 
1448 4508 
1449 4949 4508 
1450 4454 
1451 4973 
1452 4959 
1453 4966 
1454 4974 
1455 4708 3803 4265 
1456 4972 
1457 4831 
1458 4836 
1459 4101 
1460 4949 
1461 4880 
1462 4805 4775 4836 
1463 4939 
1464 4670 
1465 4337 
1466 4472 
1467 4896 
1468 4996 4824 4775 
1469 4101 
1470 4968 
1471 4879 
1472 4992 
1473 4784 
1474 4823 
1475 2972 
1476 4966 
1477 4951 
1478 4054 
1479 4690 
1480 4945 4767 4440 
1481 4765 
1482 4281 
1483 4690 
1484 4454 4587 
1485 4789 
1486 4519 
1487 4982 
1488 4265 
1489 4690 
1490 4265 
1491 4440 
1492 3992 
1493 4250 4733 
1494 4962 
1495 3977 
1496 4184 
1497 4880 
1498 4697 
1499 4882 
1500 4585 
1501 4908 
1502 4974 
1503 2587 
1504 4805 
1505 4998 
1506 4697 
1507 4767 
1508 4556 
1509 4706 
1510 4930 
1511 3977 
1512 4917 
1513 4996 
1514 4998 
1515 4467 4493 4926 4917 
1516 4824 
1517 4886 
1518 4956 
1519 4998 
1520 3274 
1521 4824 
1522 3274 4871 
1523 4999 
1524 4759 
1525 4915 
1526 4493 
1527 4587 
1528 4868 
1529 4585 
1530 4519 
1531 4880 
1532 4585 
1533 4991 4733 4693 4977 
1534 4982 4265 4992 
1535 4886 
1536 4587 
1537 4953 
1538 4798 
1539 4988 
1540 4362 
1541 4281 
1542 4871 4508 4701 4808 
1543 4472 
1544 4982 
1545 4974 
1546 4121 
1547 4969 
1548 4784 
1549 4651 
1550 4703 
1551 4924 
1552 4119 
1553 4892 4617 
1554 4184 
1555 4027 
1556 3274 
1557 4692 
1558 4733 
1559 4789 
1560 4831 
1561 4933 
1562 4836 
1563 3274 
1564 4799 
1565 4811 
1566 4871 
1567 4990 
1568 4963 
1569 4990 
1570 3246 4706 
1571 3992 
1572 4407 
1573 4119 
1574 4690 
1575 4440 4078 4823 
1576 4467 
1577 4986 
1578 4823 
1579 4821 
1580 4027 
1581 4733 
1582 4604 
1583 4984 
1584 4990 
1585 4604 
1586 4796 
1587 4787 
1588 4527 
1589 4951 
1590 4727 
1591 4659 
1592 4784 
1593 4111 
1594 2792 
1595 4979 
1596 4915 
1597 4733 
1598 4824 
1599 4875 
1600 4265 
1601 4868 
1602 4832 
1603 4585 
1604 3774 
1605 4670 
1606 4963 
1607 4337 
1608 2993 
1609 4986 
1610 4959 
1611 4738 
1612 4984 
1613 4706 
1614 4773 
1615 4926 
1616 4467 
1617 4994 
1618 4970 
1619 4833 
1620 5000 
1621 4945 
1622 4949 
1623 4766 
1624 4998 
1625 4995 
1626 4782 
1627 4924 
1628 4708 
1629 4886 
1630 4708 
1631 4939 
1632 4926 
1633 4984 
1634 4882 
1635 4963 
1636 4992 
1637 4945 
1638 4773 
1639 4933 
1640 4970 
1641 4996 
1642 4831 
1643 4886 
1644 3640 
1645 3577 
1646 3234 
1647 4994 
1648 3274 
1649 4833 
1650 3234 2842 
1651 3775 
1652 4556 
1653 4831 
1654 4986 
1655 4967 
1656 4508 
1657 4997 
1658 4979 
1659 3640 4746 4917 
1660 4738 
1661 4777 
1662 4945 
1663 3108 3274 
1664 4939 
1665 3625 4811 
1666 4833 
1667 4966 
1668 4798 
1669 4974 
1670 4782 
1671 4969 
1672 4692 
1673 4556 4527 
1674 4443 4587 4886 
1675 4926 
1676 4821 
1677 4824 
1678 4991 
1679 4977 
1680 4860 
1681 4903 
1682 4882 
1683 4535 
1684 4821 4823 
1685 4988 
1686 4944 
1687 4949 
1688 4733 
1689 4678 
1690 4787 
1691 4959 4054 
1692 4976 
1693 4996 
1694 4962 
1695 4472 4777 
1696 4708 
1697 4896 
1698 4727 
1699 4824 
1700 4798 
1701 2291 
1702 5000 
1703 4733 
1704 3274 4690 
1705 4851 
1706 4101 
1707 4991 
1708 4747 
1709 4777 
1710 4932 
1711 4963 
1712 2792 
1713 4968 
1714 4767 4440 4078 
1715 4796 
1716 4121 
1717 4977 
1718 4875 
1719 4604 
1720 4868 
1721 4472 
1722 4184 
1723 4703 
1724 4990 
1725 4973 
1726 4966 
1727 4799 
1728 4733 
1729 4706 
1730 4989 
1731 4765 
1732 4808 
1733 4664 
1734 4088 
1735 4991 
1736 4969 
1737 4407 
1738 4585 
1739 4915 
1740 4966 
1741 4766 
1742 4692 
1743 4982 
1744 4690 
1745 4976 
1746 4903 
1747 4944 
1748 4184 
1749 4745 
1750 4879 
1751 4991 
1752 4990 
1753 4860 
1754 4766 
1755 4733 
1756 4346 
1757 4990 
1758 4924 
1759 4692 
1760 4917 
1761 4265 4493 
1762 4979 
1763 4823 
1764 4892 
1765 4851 
1766 4587 
1767 4670 
1768 4508 
1769 4798 
1770 3246 
1771 4773 
1772 4875 
1773 4994 4871 
1774 4967 
1775 4519 4933 4954 
1776 4824 
1777 4733 
1778 3274 
1779 4765 
1780 4708 
1781 4986 
1782 4706 
1783 4951 
1784 4508 
1785 4930 
1786 4974 
1787 4917 
1788 4651 
1789 4997 
1790 4882 
1791 4967 
1792 2694 
1793 4443 4945 
1794 4966 
1795 4625 
1796 4944 
1797 4923 
1798 4560 
1799 4556 
1800 4727 
1801 4119 
1802 4766 
1803 4337 
1804 4559 
1805 4121 
1806 4467 
1807 4997 
1808 4824 
1809 4823 
1810 4970 
1811 4944 
1812 4879 
1813 4559 
1814 4808 
1815 4831 
1816 4312 
1817 4798 
1818 4823 
1819 4970 
1820 3625 
1821 4766 
1822 2587 
1823 3274 
1824 4973 
1825 4527 
1826 4994 
1827 4767 
1828 4961 
1829 4998 
1830 4805 
1831 4901 
1832 4312 4977 4988 
1833 4951 
1834 4998 
1835 4886 
1836 4966 
1837 4078 4961 3625 3977 
1838 4932 
1839 4697 
1840 4944 
1841 4963 
1842 4832 
1843 4945 
1844 4604 
1845 4996 
1846 4990 
1847 4968 
1848 4990 
1849 4824 
1850 4926 
1851 4967 
1852 4924 
1853 4923 
1854 4632 
1855 4967 
1856 3274 3803 
1857 4281 
1858 4882 
1859 4121 
1860 4945 
1861 4967 
1862 4362 
1863 4587 
1864 4693 
1865 4823 
1866 4270 2993 
1867 4556 
1868 4970 
1869 4101 
1870 4831 
1871 4017 4989 
1872 4831 
1873 4915 
1874 4868 
1875 4932 
1876 3992 
1877 4556 
1878 4733 
1879 2274 
1880 4808 
1881 4265 
1882 4787 
1883 4670 
1884 4880 
1885 4782 4860 4910 
1886 4775 
1887 3640 
1888 4961 
1889 4882 
1890 4706 
1891 4924 
1892 4995 
1893 4477 4443 4851 
1894 4824 4121 
1895 4924 
1896 3274 
1897 4477 4765 4917 
1898 4805 4625 
1899 4990 
1900 4184 
1901 4535 
1902 4836 
1903 4443 
1904 4738 
1905 4773 4775 4811 4933 
1906 4961 
1907 4994 
1908 4765 
1909 3803 
1910 4773 
1911 4892 
1912 4775 
1913 4798 
1914 4996 
1915 4823 4821 4664 4775 
1916 4585 
1917 4733 
1918 4527 
1919 4633 4824 
1920 4693 
1921 4832 
1922 4871 
1923 4745 
1924 4903 
1925 4493 
1926 4998 
1927 4896 4678 4933 
1928 4997 
1929 4692 
1930 4746 
1931 4784 
1932 4932 
1933 4708 
1934 4967 
1935 4706 
1936 4777 
1937 4969 
1938 4879 
1939 4973 
1940 4966 4490 4443 
1941 3977 
1942 3774 
1943 4805 
1944 4875 
1945 4585 
1946 4997 
1947 4995 
1948 4933 
1949 4767 
1950 4418 
1951 4088 
1952 4994 
1953 5000 
1954 4733 
1955 4454 
1956 4789 
1957 4808 4853 4949 
1958 4811 
1959 4746 4392 
1960 4982 
1961 4988 
1962 4767 4771 4910 
1963 4930 
1964 4771 
1965 4990 
1966 4896 
1967 4882 4805 3774 
1968 4823 
1969 4184 
1970 4250 
1971 4901 
1972 4969 
1973 4527 4054 4418 
1974 4988 4833 4800 4953 4963 
1975 4808 
1976 4281 
1977 4078 
1978 4651 
1979 4945 4078 4994 
1980 4337 
1981 4527 4908 4886 4970 
1982 4773 
1983 4773 4808 4860 4939 
1984 4617 
1985 4625 
1986 4951 
1987 4823 
1988 2842 4796 
1989 4454 
1990 3108 
1991 4896 4443 
1992 4974 
1993 4831 
1994 4949 
1995 4994 
1996 4974 
1997 4962 
1998 4896 
1999 4932 
2000 4119 
2001 4945 
2002 4939 
2003 4701 
2004 4773 
2005 4999 
2006 2792 
2007 4988 
2008 3223 
2009 4875 4886 4955 
2010 4992 
2011 2792 
2012 3577 
2013 4362 
2014 4969 
2015 4670 
2016 4954 
2017 4678 
2018 4119 
2019 4759 
2020 4955 
2021 4976 
2022 4988 
2023 4789 4926 
2024 4078 4982 4949 
2025 4944 
2026 4959 
2027 4963 
2028 4745 
2029 4986 
2030 4992 
2031 4990 
2032 4560 
2033 4823 
2034 4706 
2035 2792 
2036 4994 4988 
2037 3625 
2038 4281 
2039 4962 
2040 2040 2274 
2041 4996 
2042 4926 
2043 4969 
2044 4939 
2045 4690 
2046 4746 
2047 4490 
2048 4823 
2049 4632 
2050 4933 
2051 4959 
2052 4991 
2053 3577 
2054 4784 
2055 4777 
2056 4800 
2057 4281 
2058 4970 
2059 4880 3803 4775 
2060 4836 
2061 4690 4896 3891 
2062 4775 
2063 4969 
2064 4265 
2065 4337 
2066 4585 
2067 4989 
2068 4808 
2069 4962 4418 4664 4988 4954 
2070 4823 
2071 4824 
2072 4880 4078 
2073 4745 
2074 4989 4078 4440 
2075 4875 
2076 4733 
2077 4970 
2078 4773 
2079 4979 
2080 4773 
2081 4527 
2082 4949 
2083 4698 
2084 4880 
2085 4823 
2086 4896 
2087 4944 
2088 4831 
2089 4924 
2090 4659 
2091 4998 
2092 4991 
2093 4362 
2094 4903 
2095 4767 4880 4875 
2096 4693 
2097 4930 
2098 5000 
2099 4949 
2100 4871 
2101 4454 
2102 4706 
2103 4775 
2104 4963 
2105 4970 
2106 4527 
2107 4836 
2108 4880 
2109 4962 
2110 4896 
2111 4759 
2112 4880 
2113 4910 
2114 4973 
2115 4959 
2116 4559 
2117 4956 
2118 4977 
2119 4833 
2120 4692 4738 
2121 4951 
2122 4651 
2123 4998 
2124 4831 4926 
2125 4538 4974 3992 
2126 4250 
2127 4896 
2128 4989 
2129 4119 
2130 4930 
2131 4670 
2132 4959 
2133 4961 
2134 4851 4824 4078 4775 
2135 4968 
2136 4966 
2137 4800 4265 4896 
2138 4998 
2139 4831 
2140 2792 
2141 4879 
2142 4944 
2143 4054 
2144 3803 4991 4910 
2145 4692 
2146 4976 4508 
2147 4962 
2148 4692 
2149 4963 
2150 4926 
2151 4972 
2152 4954 
2153 4967 
2154 4930 
2155 4632 
2156 4996 
2157 3274 4994 4703 
2158 4910 
2159 4998 
2160 3803 
2161 4831 
2162 4998 
2163 4933 
2164 4880 
2165 4871 
2166 4908 
2167 4961 
2168 4901 
2169 4632 
2170 4101 
2171 4508 
2172 4988 
2173 4111 
2174 3274 
2175 4994 
2176 4949 
2177 5000 
2178 4692 
2179 4727 
2180 4773 
2181 4585 
2182 4860 
2183 4880 4027 
2184 4027 
2185 4984 
2186 4798 
2187 4982 
2188 4915 
2189 4880 
2190 4961 
2191 4860 
2192 2694 
2193 4933 
2194 4966 
2195 4490 
2196 4782 
2197 3640 
2198 3223 
2199 4831 
2200 4664 
2201 4632 
2202 4961 
2203 4991 
2204 4519 4535 4312 4697 
2205 4824 
2206 4111 
2207 4836 
2208 4990 
2209 4996 
2210 4982 
2211 4651 
2212 4392 
2213 4945 
2214 4961 
2215 4766 
2216 4961 
2217 4953 
2218 4944 
2219 4800 
2220 4879 
2221 4998 
2222 4915 
2223 4831 
2224 4798 
2225 4939 
2226 4968 
2227 4017 
2228 4939 4955 4559 
2229 4968 
2230 4963 
2231 4184 
2232 4933 
2233 4775 
2234 4967 
2235 3977 
2236 4992 
2237 4250 
2238 4875 
2239 4926 
2240 4831 
2241 4651 
2242 4969 
2243 3223 
2244 4800 
2245 4808 2694 
2246 4976 
2247 4823 3803 4121 
2248 4784 
2249 4973 
2250 4632 
2251 3775 
2252 4467 
2253 4678 
2254 4932 
2255 4784 
2256 4535 
2257 4984 
2258 2792 
2259 4824 
2260 4969 
2261 4337 4824 4823 
2262 4773 
2263 4868 
2264 4831 
2265 4824 
2266 4798 
2267 4851 
2268 4945 
2269 4945 
2270 3977 
2271 4265 
2272 4875 
2273 4988 
2274 2274 
2275 4121 4708 4767 4991 
2276 4765 
2277 4879 
2278 4961 
2279 4708 4875 3223 
2280 4875 
2281 4746 
2282 4831 
2283 4999 
2284 4805 
2285 3977 4472 4556 
2286 3246 
2287 4955 
2288 4994 
2289 4824 
2290 4915 
2291 2291 
2292 4692 
2293 4745 
2294 4959 
2295 4836 
2296 4880 
2297 4896 
2298 4443 4944 
2299 4705 
2300 4998 
2301 4670 
2302 4808 
2303 4777 
2304 4632 
2305 4923 
2306 4995 
2307 2587 
2308 4733 
2309 4773 
2310 4587 
2311 4903 
2312 4939 
2313 4017 
2314 2694 
2315 3274 
2316 4692 
2317 4054 
2318 4880 
2319 4798 
2320 4625 
2321 4990 
2322 4955 
2323 4796 
2324 4184 4604 4933 
2325 4265 
2326 4939 
2327 4945 
2328 4853 
2329 4706 
2330 4281 4808 
2331 4467 
2332 4979 
2333 4767 
2334 4969 
2335 4705 4970 4974 
2336 4787 
2337 4585 
2338 4996 
2339 4027 
2340 4972 
2341 4407 
2342 4951 
2343 4362 
2344 4998 
2345 4701 
2346 4831 
2347 4418 
2348 4443 
2349 4880 
2350 4968 
2351 4527 
2352 4250 
2353 3274 
2354 4535 
2355 5000 4994 
2356 4782 3775 
2357 4017 4939 4976 
2358 4990 
2359 4996 
2360 4823 
2361 4823 
2362 4733 
2363 4823 
2364 3992 4945 
2365 3803 
2366 4969 
2367 4923 
2368 4747 
2369 4519 
2370 4787 
2371 4968 
2372 4982 
2373 5000 
2374 4972 
2375 4831 
2376 4879 
2377 4692 4346 4997 
2378 4868 
2379 4821 
2380 4967 
2381 4930 
2382 4799 
2383 3774 
2384 4625 
2385 4325 
2386 3246 
2387 3108 3274 4939 
2388 4738 
2389 4773 
2390 4915 
2391 4027 
2392 4767 
2393 4250 
2394 4670 
2395 4868 
2396 4690 
2397 3891 
2398 4917 
2399 4986 
2400 4986 
2401 4984 
2402 4999 
2403 4990 
2404 3799 4963 
2405 4961 
2406 4966 
2407 4054 
2408 3640 
2409 4966 
2410 4556 
2411 4875 
2412 4970 
2413 4527 
2414 4119 
2415 4962 4994 
2416 4880 
2417 5000 
2418 4703 
2419 3223 
2420 2792 
2421 4585 
2422 4535 
2423 4924 
2424 4823 
2425 4951 
2426 4903 
2427 4933 4585 
2428 4926 4250 4392 
2429 4974 
2430 4477 
2431 4986 
2432 4923 
2433 3223 
2434 4989 
2435 4054 
2436 4968 
2437 4027 
2438 3774 
2439 4823 
2440 4746 
2441 4968 4986 
2442 4923 
2443 3625 3223 
2444 4746 
2445 4777 
2446 4745 
2447 4963 
2448 4924 
2449 4901 
2450 4979 
2451 4733 
2452 4617 4988 
2453 4982 
2454 4798 
2455 4994 4798 3640 
2456 4954 
2457 4923 
2458 5000 
2459 4824 
2460 4923 
2461 4265 
2462 4910 
2463 4821 
2464 4773 
2465 4119 
2466 4836 
2467 4440 4882 4986 4853 
2468 4805 
2469 4805 
2470 4690 4775 
2471 3977 
2472 4659 
2473 4923 
2474 4875 
2475 4693 
2476 2694 3774 
2477 4664 
2478 4746 
2479 4346 
2480 4346 
2481 4963 
2482 2792 
2483 4538 
2484 4982 
2485 4559 
2486 4831 
2487 4988 
2488 4678 
2489 4989 
2490 4771 
2491 4963 
2492 4101 
2493 4882 
2494 4831 4805 4337 
2495 4967 
2496 4527 
2497 4088 
2498 4933 
2499 4853 
2500 4968 
2501 3274 
2502 2792 
2503 4959 
2504 4443 
2505 4733 
2506 4868 
2507 4633 
2508 4977 
2509 4836 
2510 4325 
2511 2694 
2512 4784 
2513 4896 
2514 4745 
2515 4824 
2516 4111 
2517 4860 
2518 4765 
2519 4953 
2520 4956 
2521 4705 
2522 4519 4027 4747 4953 
2523 4777 
2524 4832 
2525 4903 
2526 2526 
2527 4771 
2528 4951 
2529 4959 
2530 4984 
2531 4910 
2532 4692 
2533 4678 
2534 4982 
2535 4966 
2536 4767 
2537 4967 
2538 3775 4472 4853 
2539 4991 
2540 4871 
2541 4823 
2542 4560 
2543 4986 
2544 4917 
2545 4944 
2546 4968 3977 
2547 4787 
2548 4824 4708 4477 
2549 4800 
2550 4325 
2551 4808 
2552 4972 
2553 4949 
2554 4538 
2555 4690 
2556 4951 
2557 2587 
2558 4250 
2559 4250 
2560 4632 
2561 4777 
2562 4986 
2563 4789 
2564 4991 
2565 4882 
2566 4440 
2567 3891 4831 3274 
2568 4337 
2569 4970 
2570 4968 
2571 4901 
2572 4766 
2573 4953 
2574 4996 
2575 4250 3274 
2576 2993 4766 4979 4949 
2577 4988 
2578 3803 
2579 4992 
2580 4698 
2581 4879 
2582 2792 
2583 4824 4949 
2584 4880 
2585 4871 
2586 4917 
2587 2587 
2588 4765 
2589 4977 
2590 4633 
2591 2587 
2592 3274 2274 4868 
2593 4982 
2594 4968 
2595 4994 
2596 4184 
2597 4633 
2598 4733 
2599 4998 
2600 4281 
2601 4767 
2602 4767 
2603 4556 
2604 4633 
2605 4871 
2606 4054 
2607 4970 
2608 4880 
2609 4910 
2610 4851 
2611 4832 
2612 4956 
2613 4968 
2614 4974 
2615 4759 
2616 4784 4472 4954 
2617 4493 
2618 4968 
2619 4767 
2620 4111 
2621 4556 
2622 4886 
2623 4994 
2624 4766 
2625 4706 
2626 4787 
2627 4961 
2628 4969 
2629 4119 
2630 4974 
2631 4690 
2632 4784 
2633 2792 
2634 4805 
2635 4692 
2636 4967 
2637 4698 4988 
2638 3108 
2639 4991 
2640 4892 
2641 4915 
2642 4903 
2643 4966 
2644 4982 
2645 4805 
2646 4727 
2647 3223 4962 
2648 4798 
2649 4392 
2650 4747 
2651 4903 
2652 4184 
2653 4706 
2654 4833 
2655 4708 
2656 4979 
2657 4997 
2658 4765 
2659 4963 
2660 4959 
2661 4418 
2662 4954 
2663 4961 
2664 4773 
2665 4999 
2666 4991 
2667 4892 
2668 4974 
2669 4111 
2670 3992 
2671 4773 
2672 4956 
2673 3223 
2674 4977 
2675 4951 
2676 4896 
2677 4703 
2678 4974 
2679 4782 
2680 4910 
2681 4703 
2682 4796 
2683 4705 
2684 4519 
2685 4670 
2686 4880 
2687 4773 
2688 3108 
2689 4977 
2690 4538 
2691 4508 2274 2842 4976 
2692 4799 
2693 4986 
2694 2694 
2695 4996 4882 4407 4973 4999 
2696 4701 
2697 4933 
2698 4953 
2699 4493 
2700 4767 
2701 3274 
2702 4560 
2703 4281 4692 4977 
2704 4939 
2705 4270 
2706 3803 
2707 4932 
2708 4982 
2709 4968 
2710 4973 
2711 4831 
2712 4651 
2713 4968 4824 4910 4979 
2714 4908 
2715 4917 
2716 4784 
2717 3803 4973 
2718 4824 
2719 3577 
2720 4697 
2721 4799 
2722 4979 4917 4767 3803 
2723 4832 
2724 4831 4968 4939 4974 
2725 4892 
2726 4418 
2727 4977 
2728 4784 
2729 4698 
2730 4443 
2731 4949 
2732 2792 
2733 4974 
2734 4879 
2735 4787 
2736 4879 
2737 4933 
2738 4325 
2739 4747 
2740 4733 
2741 4924 
2742 2792 
2743 4690 
2744 4418 
2745 4926 
2746 4659 
2747 4767 
2748 4910 
2749 4184 
2750 4782 
2751 4738 
2752 4418 
2753 4560 
2754 4982 
2755 3274 
2756 4054 
2757 4767 
2758 3774 
2759 4998 
2760 3274 
2761 4926 
2762 4745 
2763 4800 
2764 4796 
2765 4896 
2766 4992 
2767 3640 3891 
2768 4490 
2769 4882 
2770 4270 
2771 4632 
2772 4690 
2773 4908 
2774 4923 
2775 4490 
2776 3891 
2777 4963 
2778 4454 
2779 4923 
2780 4882 
2781 4831 3977 4945 4997 
2782 4972 
2783 4632 
2784 4670 
2785 4974 
2786 4766 
2787 4977 
2788 4871 
2789 4690 
2790 4604 
2791 4962 
2792 2792 
2793 4984 
2794 4527 
2795 4994 4703 4727 4917 
2796 3774 
2797 4766 
2798 4678 
2799 4871 
2800 4923 
2801 4535 
2802 4765 
2803 4559 
2804 4974 
2805 4880 4587 
2806 4678 
2807 4805 
2808 3274 
2809 4979 
2810 3775 
2811 4337 
2812 4990 
2813 4979 
2814 4871 
2815 4798 
2816 4824 
2817 4868 
2818 4882 
2819 3234 2842 
2820 4490 
2821 4745 4690 4880 
2822 4054 
2823 4926 
2824 4996 
2825 4945 
2826 4771 
2827 4961 
2828 4604 
2829 4559 
2830 4962 
2831 4773 
2832 4984 
2833 4882 
2834 3223 
2835 4973 
2836 4959 
2837 4708 4903 4979 
2838 4121 
2839 4184 
2840 4990 
2841 4969 
2842 2842 
2843 4986 
2844 4833 
2845 4418 
2846 4789 
2847 3891 
2848 4824 
2849 4926 
2850 4853 
2851 4988 
2852 4977 
2853 4782 
2854 4871 
2855 4617 
2856 4808 
2857 4996 
2858 4796 
2859 4690 
2860 4955 
2861 4800 
2862 4926 
2863 4527 
2864 4951 
2865 3640 
2866 4808 
2867 4945 
2868 4767 
2869 3577 
2870 4956 
2871 4538 
2872 4871 
2873 3774 4477 
2874 4901 
2875 4896 
2876 4908 
2877 4915 
2878 4984 
2879 4969 
2880 4990 
2881 3774 
2882 4805 
2883 4831 
2884 4986 
2885 4832 
2886 4831 
2887 3274 3803 
2888 4871 
2889 4860 
2890 4440 
2891 4967 
2892 4923 
2893 4632 
2894 3992 
2895 4951 
2896 4988 
2897 4962 
2898 4017 
2899 3992 
2900 4868 
2901 4979 
2902 4871 
2903 4767 
2904 4962 
2905 4915 
2906 4926 
2907 4325 
2908 4973 
2909 3803 
2910 4951 
2911 4805 
2912 4996 
2913 4953 
2914 4915 
2915 4961 
2916 4959 
2917 4967 
2918 4787 
2919 4831 
2920 4633 
2921 4831 
2922 4901 
2923 4706 
2924 4966 
2925 2274 
2926 4508 
2927 4882 
2928 3891 
2929 4901 
2930 4659 
2931 4538 4836 4984 
2932 4799 
2933 4945 
2934 4697 
2935 4903 
2936 4782 
2937 4690 
2938 4932 
2939 4823 
2940 4690 4979 4771 4811 
2941 4392 
2942 4782 
2943 4831 
2944 4766 
2945 4587 
2946 4823 
2947 4973 
2948 4967 
2949 4903 
2950 4970 
2951 4926 
2952 4939 
2953 4979 
2954 4693 
2955 4796 
2956 4604 
2957 4953 
2958 4959 
2959 4961 
2960 4775 
2961 4956 
2962 4773 4989 4997 
2963 4990 
2964 4967 
2965 4974 
2966 4944 3803 
2967 4362 4832 4443 
2968 4926 
2969 4782 
2970 4999 
2971 4773 
2972 2972 
2973 4996 
2974 4443 
2975 4587 
2976 4701 
2977 3577 
2978 4977 
2979 4932 
2980 4949 
2981 4250 
2982 4959 
2983 4896 
2984 4871 4706 3803 4966 
2985 4944 
2986 3992 
2987 4949 
2988 4851 
2989 4775 
2990 4996 
2991 4527 
2992 4970 
2993 2993 
2994 4997 
2995 4944 
2996 4556 
2997 4121 
2998 4651 
2999 2792 4982 4407 4992 
3000 4976 
3001 4955 
3002 4824 
3003 4493 
3004 4836 
3005 4690 4508 4705 
3006 4994 
3007 4944 
3008 4974 
3009 4477 
3010 4968 
3011 4782 
3012 4896 
3013 4933 
3014 4986 
3015 2694 
3016 4896 
3017 3274 
3018 3223 
3019 4784 
3020 4440 
3021 4690 
3022 4972 
3023 4992 
3024 4955 
3025 4882 
3026 4972 
3027 3992 4017 4851 4910 
3028 3992 
3029 4738 
3030 4932 
3031 4836 
3032 4805 
3033 4418 4697 4949 4973 
3034 4949 
3035 4915 
3036 2792 4955 
3037 4759 
3038 4945 3992 4472 4989 
3039 4746 
3040 4880 
3041 4988 
3042 4697 
3043 4798 
3044 2587 
3045 4991 4088 4467 
3046 4490 
3047 4962 
3048 4982 
3049 4808 
3050 4879 
3051 4945 
3052 4973 
3053 4477 
3054 4693 
3055 3775 
3056 4832 
3057 4692 
3058 4976 
3059 4880 
3060 4617 
3061 4362 
3062 4799 
3063 4824 
3064 4690 
3065 4939 
3066 4979 
3067 4771 
3068 4953 4538 4281 
3069 4923 
3070 4556 
3071 4968 
3072 4969 
3073 4454 
3074 4996 
3075 3246 
3076 4991 
3077 4831 
3078 4901 
3079 4968 
3080 4923 4824 4962 4926 
3081 4765 
3082 4787 4871 4101 2587 
3083 4836 
3084 4882 
3085 4896 
3086 4651 
3087 4930 
3088 4808 
3089 4664 
3090 4917 
3091 4746 
3092 4747 
3093 2792 
3094 4836 
3095 4879 
3096 4705 
3097 4959 
3098 4585 
3099 3577 
3100 4833 
3101 5000 
3102 4871 
3103 4670 
3104 4759 
3105 3108 
3106 4800 
3107 4932 
3108 3108 
3109 4945 
3110 3803 
3111 4690 
3112 4747 
3113 4766 
3114 4798 
3115 4968 
3116 4585 
3117 4930 4989 
3118 4824 
3119 4789 
3120 4559 
3121 2993 
3122 3274 
3123 4990 
3124 4930 
3125 4979 
3126 4831 
3127 4871 
3128 4418 
3129 4871 
3130 3274 
3131 4996 
3132 4996 
3133 4963 
3134 4766 
3135 4824 
3136 4765 
3137 4973 
3138 4996 
3139 4901 
3140 4824 
3141 4959 
3142 4875 
3143 4472 
3144 4747 
3145 4977 4949 4963 4989 
3146 4991 
3147 4991 4337 2993 
3148 4991 
3149 4798 
3150 4281 
3151 4767 
3152 4027 
3153 4851 
3154 4101 
3155 4903 
3156 4910 
3157 4875 
3158 4766 
3159 4995 
3160 4962 
3161 4766 
3162 2587 
3163 4976 
3164 4493 
3165 4997 
3166 4994 
3167 4988 
3168 4986 
3169 4956 
3170 4851 
3171 4831 4767 4886 4882 
3172 4789 
3173 4625 
3174 4784 
3175 4926 
3176 4901 
3177 4054 
3178 4868 
3179 4805 
3180 4799 
3181 4633 
3182 2274 4538 
3183 4493 
3184 4733 
3185 4986 
3186 4787 
3187 4708 
3188 4821 
3189 4787 
3190 4962 
3191 4738 
3192 4493 
3193 4963 
3194 4799 4967 
3195 4585 4945 4440 4706 4954 
3196 4986 4703 4988 4963 
3197 4924 
3198 4617 
3199 4896 
3200 4979 4882 4585 4970 
3201 2792 
3202 4896 2694 3246 
3203 4990 
3204 4823 
3205 4800 
3206 3774 
3207 4926 
3208 3977 
3209 4538 2274 3891 4933 
3210 4706 
3211 4585 
3212 4949 
3213 4508 
3214 4974 
3215 4999 
3216 4924 
3217 4746 
3218 4789 
3219 4824 4392 
3220 4966 
3221 4559 
3222 4625 
3223 3223 
3224 4915 
3225 4538 
3226 4617 
3227 4990 
3228 4974 3774 4903 4805 3274 4585 
3229 3977 
3230 4968 
3231 4963 
3232 4972 
3233 4962 
3234 3234 
3235 4746 
3236 3774 3274 
3237 4961 
3238 4784 
3239 4184 4805 3625 4994 
3240 4991 
3241 4824 
3242 4821 
3243 4972 
3244 4708 
3245 4882 
3246 3246 
3247 3891 4766 4823 2993 4759 
3248 4868 
3249 4871 
3250 4986 
3251 4708 
3252 4831 
3253 4836 
3254 4976 
3255 4831 
3256 4017 4362 4882 4966 
3257 4901 
3258 4990 
3259 3799 4926 4961 
3260 4698 
3261 4765 
3262 4880 
3263 4933 
3264 3977 
3265 4701 
3266 4982 4111 4789 4924 
3267 4892 
3268 3274 
3269 4970 
3270 4697 
3271 3625 4440 4538 
3272 4771 
3273 4896 4990 4270 4759 4903 4991 
3274 3274 
3275 4979 
3276 4880 
3277 4973 
3278 4990 
3279 4585 
3280 4917 
3281 2993 
3282 4407 
3283 4991 
3284 4472 
3285 4787 
3286 3992 
3287 4698 
3288 5000 
3289 4799 
3290 4265 4896 3640 
3291 4955 
3292 4945 4939 4915 4989 
3293 4939 
3294 4932 
3295 4903 
3296 4955 
3297 4974 
3298 4962 
3299 4896 
3300 3992 
3301 2792 
3302 4775 
3303 4392 
3304 4995 
3305 4966 
3306 4886 
3307 4963 
3308 4879 
3309 4527 
3310 4860 
3311 4945 
3312 4892 
3313 4853 
3314 4808 
3315 4787 
3316 4977 
3317 4984 
3318 4659 
3319 4954 
3320 4949 
3321 3274 
3322 4535 
3323 4733 2694 4705 
3324 4787 
3325 4996 
3326 4880 4556 4538 4984 
3327 4974 
3328 4632 
3329 4832 
3330 3274 
3331 4824 
3332 4585 
3333 4824 
3334 4945 
3335 4908 
3336 4951 
3337 4951 
3338 4917 
3339 4766 
3340 4789 
3341 4493 
3342 4966 
3343 4836 
3344 4784 
3345 4998 
3346 4766 
3347 4766 
3348 4998 
3349 4961 
3350 4325 
3351 4767 
3352 4800 
3353 4727 
3354 4765 
3355 4882 4923 4733 4697 4766 
3356 4963 
3357 4706 
3358 4926 
3359 4996 4767 4805 
3360 4392 4706 4949 
3361 4998 
3362 4998 
3363 4775 
3364 4977 
3365 4903 
3366 4617 
3367 4945 
3368 4250 
3369 4879 
3370 4945 
3371 3774 
3372 4967 
3373 4651 
3374 4800 
3375 4991 
3376 4821 
3377 4879 4281 4697 
3378 4805 
3379 4966 
3380 4882 
3381 4984 
3382 4868 
3383 4824 
3384 4692 4831 4926 4392 
3385 4992 
3386 4678 
3387 4901 
3388 4882 4923 4078 4587 
3389 4923 
3390 4833 
3391 4824 
3392 4967 
3393 4670 
3394 4926 4896 4664 4992 4998 
3395 4556 
3396 4961 
3397 4999 
3398 4917 2274 4949 
3399 3577 
3400 3234 2842 
3401 4766 
3402 4088 
3403 4930 
3404 4706 3223 4708 4910 
3405 3577 
3406 4882 
3407 4766 
3408 4991 
3409 4766 
3410 4871 
3411 4963 
3412 4967 
3413 4823 
3414 4823 
3415 2792 
3416 4831 4184 3977 
3417 4939 
3418 4977 
3419 4832 
3420 4472 
3421 4270 
3422 4633 
3423 4939 
3424 4746 
3425 4508 
3426 4767 
3427 4973 
3428 4508 
3429 4670 
3430 4746 
3431 4708 
3432 4926 
3433 4972 
3434 4954 
3435 4836 
3436 4771 
3437 4998 
3438 4994 
3439 4926 
3440 4733 
3441 4868 
3442 4805 
3443 4538 
3444 4999 
3445 4853 
3446 3640 
3447 4535 
3448 4281 
3449 4926 
3450 3274 4998 
3451 4805 
3452 4771 
3453 4625 
3454 4782 
3455 4824 
3456 4974 
3457 4519 
3458 4967 
3459 4651 
3460 4989 
3461 4973 
3462 4972 
3463 4956 
3464 4651 
3465 4418 
3466 4966 
3467 4690 
3468 4798 
3469 4933 
3470 4926 
3471 4961 
3472 4101 
3473 4974 4824 4733 4901 
3474 4362 
3475 4745 
3476 4989 
3477 4853 
3478 4853 
3479 4706 
3480 2792 
3481 4991 
3482 4808 
3483 4923 
3484 4508 
3485 4892 
3486 4407 
3487 4836 
3488 4538 
3489 4945 
3490 4967 
3491 4670 
3492 4953 
3493 4556 
3494 4759 
3495 4362 
3496 4535 
3497 4955 
3498 4604 
3499 4690 
3500 4988 
3501 4994 
3502 4995 
3503 4959 
3504 4908 
3505 4824 
3506 4908 
3507 4933 
3508 4560 
3509 4972 
3510 4945 
3511 4926 
3512 4999 
3513 4926 
3514 4990 
3515 4933 
3516 4078 
3517 4962 
3518 4990 
3519 4972 
3520 4759 
3521 4701 
3522 4953 
3523 4986 
3524 4467 
3525 4994 4765 
3526 4527 4903 4705 
3527 4836 
3528 4851 
3529 4773 4811 
3530 4996 
3531 4508 
3532 4798 
3533 4977 
3534 4986 
3535 4733 
3536 4101 
3537 4979 
3538 2587 
3539 4933 
3540 4954 
3541 4027 
3542 4823 
3543 4727 
3544 4443 4851 4955 
3545 4930 
3546 4824 
3547 4454 
3548 4706 
3549 4880 
3550 4821 
3551 3775 
3552 4986 
3553 4821 
3554 4392 
3555 4951 
3556 4027 
3557 4967 
3558 4901 
3559 4853 
3560 4824 
3561 4963 
3562 4805 
3563 4787 
3564 4896 
3565 4800 
3566 4767 
3567 4917 
3568 4892 
3569 5000 
3570 4956 
3571 4787 
3572 4868 
3573 4972 
3574 4800 
3575 4708 
3576 4949 
3577 3577 
3578 4690 
3579 4994 
3580 4945 
3581 4392 2792 4017 4932 4951 
3582 4989 
3583 4970 
3584 3640 
3585 4871 
3586 4706 
3587 4831 4119 4625 4633 4824 
3588 4708 
3589 4979 
3590 4944 
3591 3992 4833 4824 
3592 4443 
3593 4821 
3594 4959 
3595 4962 
3596 4519 
3597 4808 
3598 5000 
3599 4967 
3600 4823 
3601 4472 
3602 4956 
3603 4967 
3604 2842 
3605 4538 
3606 4962 
3607 4990 
3608 4796 
3609 4759 
3610 4963 
3611 4519 
3612 4970 
3613 4692 
3614 4951 
3615 4787 
3616 4705 
3617 4882 
3618 2274 4392 4976 
3619 3577 
3620 3977 
3621 4821 
3622 4972 
3623 4999 
3624 4443 
3625 3625 
3626 4868 
3627 4945 4832 
3628 4692 3799 4708 4824 
3629 4508 4312 
3630 4811 
3631 4346 
3632 4808 
3633 4765 
3634 4976 
3635 4976 
3636 4805 
3637 4994 
3638 4882 
3639 4692 
3640 3640 
3641 4998 
3642 4692 
3643 4970 
3644 4535 
3645 4939 
3646 4990 
3647 4519 
3648 4265 
3649 4362 
3650 4944 
3651 4926 
3652 4988 
3653 4930 4853 
3654 4930 
3655 4995 
3656 4800 
3657 4851 
3658 4945 
3659 4994 4945 
3660 4974 
3661 2792 
3662 4054 
3663 4824 
3664 4538 4708 4955 
3665 4966 
3666 4440 
3667 4945 4973 
3668 4924 
3669 4992 
3670 4477 
3671 4670 
3672 4773 
3673 4782 4970 4587 4989 
3674 4984 
3675 4708 
3676 4991 
3677 4939 
3678 4944 
3679 4871 
3680 3640 
3681 4930 
3682 4767 
3683 4823 
3684 4880 
3685 4625 
3686 4767 
3687 4733 
3688 4184 
3689 4265 
3690 4959 
3691 4556 
3692 4926 
3693 4956 
3694 4949 
3695 4976 
3696 4811 
3697 4977 
3698 4871 
3699 4799 
3700 4467 
3701 3246 
3702 4799 
3703 4054 
3704 4782 
3705 4705 
3706 4701 
3707 4956 
3708 4766 
3709 5000 
3710 4882 
3711 4362 
3712 4559 
3713 4184 
3714 4868 
3715 4632 
3716 2993 
3717 4733 
3718 4325 
3719 3223 4896 4990 
3720 4924 
3721 4939 
3722 4944 
3723 4882 
3724 4493 
3725 4962 
3726 4932 
3727 4992 
3728 4767 
3729 3246 
3730 4692 
3731 4054 
3732 4968 
3733 2842 3234 
3734 4747 
3735 4535 
3736 4967 
3737 4831 
3738 4759 
3739 4773 
3740 4908 
3741 4821 
3742 4962 
3743 4962 4767 
3744 4953 
3745 4989 
3746 4767 
3747 4054 4472 
3748 4868 
3749 4767 4832 
3750 4968 
3751 4882 
3752 4824 
3753 4951 
3754 3803 
3755 4955 
3756 4986 
3757 4824 
3758 4823 4880 
3759 4560 
3760 4519 
3761 4990 
3762 4659 
3763 4265 4994 4443 
3764 4508 
3765 4875 
3766 4994 
3767 4901 
3768 4766 
3769 4111 
3770 4119 
3771 4945 
3772 4974 
3773 4490 
3774 3774 
3775 3775 
3776 4956 
3777 4933 
3778 4996 
3779 4535 
3780 4265 
3781 4997 
3782 4933 4853 
3783 4766 
3784 4745 
3785 4974 
3786 4270 
3787 4977 
3788 4265 
3789 4440 4697 4976 
3790 4930 
3791 4868 
3792 4312 
3793 4587 
3794 4963 
3795 4771 
3796 4101 
3797 4392 3274 4078 
3798 4963 
3799 4963 
3800 2792 
3801 4962 
3802 4633 
3803 3803 
3804 4969 
3805 4999 
3806 3803 
3807 4440 
3808 4959 
3809 4407 
3810 4777 
3811 4988 
3812 4962 
3813 4999 
3814 4953 
3815 4773 
3816 4880 
3817 4903 
3818 4690 
3819 4799 
3820 4664 
3821 4121 
3822 4962 
3823 4892 
3824 4706 
3825 4926 4991 4979 
3826 4270 
3827 4477 
3828 4027 
3829 4966 
3830 4312 
3831 4184 
3832 4991 
3833 4703 
3834 4771 
3835 4831 
3836 4977 
3837 4892 
3838 3274 
3839 4992 
3840 4880 
3841 4994 
3842 4759 
3843 4926 4974 4962 
3844 4831 
3845 4362 
3846 4692 
3847 4538 
3848 4585 
3849 4440 4693 
3850 4949 
3851 4698 
3852 4777 
3853 3274 
3854 4759 
3855 4871 
3856 4527 
3857 4949 
3858 4882 
3859 4976 
3860 4519 
3861 2842 4782 4832 
3862 4705 
3863 4784 
3864 4823 
3865 4823 
3866 4789 
3867 4966 
3868 4945 
3869 4119 4746 5000 
3870 4538 4926 4519 
3871 4782 4418 4535 4831 
3872 4989 
3873 4782 
3874 4805 
3875 4968 
3876 4974 4777 4775 
3877 4923 
3878 4727 
3879 4784 
3880 4664 
3881 4851 
3882 4733 
3883 4693 
3884 4945 
3885 4991 
3886 4823 4994 4853 
3887 4746 
3888 4961 
3889 4962 
3890 4994 
3891 3891 
3892 4833 
3893 4945 
3894 4088 
3895 4767 
3896 4787 
3897 3977 
3898 4585 
3899 4998 
3900 4784 
3901 4901 
3902 4945 
3903 4538 
3904 4926 
3905 4831 
3906 4998 
3907 4926 
3908 4974 
3909 4559 
3910 4988 
3911 4974 4930 4853 
3912 4871 
3913 4777 
3914 4932 
3915 4903 
3916 4986 
3917 4949 
3918 3274 
3919 4745 
3920 4477 
3921 4733 
3922 4121 
3923 4703 
3924 4955 
3925 4633 
3926 4789 
3927 3625 
3928 4991 
3929 4955 
3930 4784 
3931 4265 
3932 4860 
3933 4027 4651 4974 4930 
3934 3891 
3935 4705 
3936 3977 
3937 4799 
3938 4585 
3939 4560 
3940 4017 
3941 4908 
3942 4851 
3943 4951 
3944 4560 4771 4988 5000 
3945 2993 4659 4882 
3946 4875 
3947 4995 
3948 4585 
3949 4986 
3950 4693 
3951 4896 2587 4908 
3952 4701 
3953 4956 
3954 4970 
3955 4777 
3956 4998 
3957 4996 
3958 4930 
3959 4519 
3960 4968 
3961 4994 4617 4860 4917 
3962 4892 
3963 4766 
3964 4678 
3965 4963 
3966 4527 
3967 4989 
3968 4823 
3969 4860 
3970 4101 
3971 4805 
3972 4325 
3973 4796 
3974 4519 
3975 4988 
3976 4765 
3977 3977 
3978 4407 
3979 4930 
3980 4773 
3981 4706 
3982 4678 
3983 4997 
3984 4678 
3985 4767 
3986 4871 
3987 4926 
3988 4706 
3989 5000 
3990 4789 
3991 4745 
3992 3992 
3993 4836 
3994 4875 
3995 4535 
3996 4961 
3997 4982 
3998 4705 
3999 4989 
4000 3891 4519 4767 4986 
4001 4789 
4002 4915 
4003 4945 
4004 4250 
4005 2792 
4006 4519 
4007 4986 
4008 3274 
4009 4945 4926 4988 
4010 4787 
4011 4625 
4012 4923 
4013 4988 
4014 4440 4823 4782 4860 
4015 4017 
4016 4944 
4017 4017 
4018 4111 
4019 4493 
4020 4519 
4021 4851 
4022 4853 
4023 4990 
4024 4951 
4025 4805 
4026 4535 
4027 4027 
4028 4733 
4029 4868 
4030 4969 
4031 4880 
4032 4664 
4033 4617 
4034 4270 
4035 4977 
4036 4977 
4037 4990 
4038 4560 
4039 4961 
4040 4078 
4041 4903 
4042 4784 
4043 4892 
4044 4270 
4045 4868 
4046 4915 
4047 4917 
4048 4990 
4049 4312 
4050 4832 
4051 4944 
4052 4775 
4053 3108 
4054 4054 
4055 4467 
4056 4836 
4057 4984 
4058 4995 
4059 4972 
4060 4617 
4061 4986 
4062 2792 
4063 4585 
4064 4951 
4065 4939 
4066 4690 
4067 4996 
4068 4773 4659 4963 
4069 3774 4836 4892 4896 
4070 4798 4836 4997 4976 
4071 4984 
4072 4932 
4073 4868 
4074 4924 
4075 4982 
4076 3577 
4077 4988 
4078 4078 
4079 4119 
4080 4976 
4081 4939 
4082 4325 
4083 4111 
4084 4733 
4085 4337 
4086 4767 
4087 4527 
4088 4088 
4089 4986 4930 4745 4886 
4090 4962 
4091 4746 
4092 4868 
4093 4924 
4094 4968 
4095 4250 4705 4868 4664 4896 
4096 4868 
4097 4984 
4098 4651 
4099 4782 
4100 4977 4799 4833 4956 4970 
4101 4101 
4102 4808 4519 4824 4765 4832 
4103 4632 
4104 4951 
4105 4823 
4106 4784 
4107 4949 
4108 4443 
4109 4798 
4110 4959 
4111 4111 
4112 4879 
4113 4991 
4114 4796 
4115 4625 
4116 4831 
4117 4833 
4118 4966 
4119 4119 
4120 4992 
4121 4121 
4122 4990 
4123 4708 
4124 4585 
4125 4930 
4126 4903 
4127 4973 
4128 4977 
4129 4901 
4130 4945 
4131 4560 
4132 4979 
4133 4670 
4134 4963 
4135 4868 
4136 4910 
4137 4932 
4138 4880 
4139 4773 
4140 4994 
4141 4974 
4142 4362 
4143 2587 
4144 4698 
4145 4871 
4146 4955 
4147 4972 
4148 4998 
4149 4535 
4150 4882 
4151 4945 
4152 4617 
4153 4984 4798 2993 4860 4917 
4154 4708 
4155 4184 
4156 4880 4974 4805 4967 4992 4908 
4157 4903 4956 4745 4632 4879 
4158 4787 
4159 4882 
4160 4119 
4161 4998 
4162 4995 
4163 4796 
4164 4994 
4165 4962 
4166 3774 4798 4767 4886 
4167 4659 
4168 4930 
4169 4698 
4170 4440 4418 4831 4997 
4171 4959 
4172 4871 
4173 4527 
4174 4970 
4175 4692 
4176 4508 
4177 4121 4896 4766 4632 
4178 4690 
4179 4604 
4180 4766 
4181 4997 
4182 4989 
4183 4955 
4184 4184 
4185 4832 
4186 4392 3775 3246 4868 4664 
4187 4989 
4188 4915 
4189 4875 
4190 4991 
4191 4868 
4192 4111 
4193 4966 
4194 4926 
4195 4954 
4196 4882 
4197 3274 
4198 4966 
4199 4703 
4200 4915 
4201 4766 
4202 4871 
4203 4989 
4204 4986 
4205 2694 4811 4733 4823 4703 4984 
4206 4974 
4207 4944 
4208 4875 
4209 4915 
4210 4831 
4211 4708 
4212 4871 
4213 4508 
4214 4956 
4215 4759 
4216 4490 
4217 4747 
4218 4706 
4219 4999 
4220 4787 
4221 4337 4508 4991 4121 4017 
4222 4698 
4223 2993 
4224 4926 
4225 4250 
4226 4997 
4227 4973 
4228 4017 
4229 4903 
4230 4670 
4231 4632 
4232 4693 
4233 4999 
4234 4982 
4235 4986 
4236 3274 4705 4973 4745 4951 4997 
4237 4955 
4238 4886 
4239 4924 
4240 4875 
4241 4851 
4242 4962 
4243 4708 4697 4896 4989 4995 
4244 2694 4738 4991 4670 5000 4995 
4245 4670 
4246 4692 
4247 4078 
4248 4908 
4249 4984 
4250 4250 
4251 4805 
4252 4961 
4253 4664 
4254 4851 
4255 4896 
4256 4773 
4257 4955 
4258 4994 
4259 4961 
4260 4996 
4261 4746 
4262 4951 
4263 4265 
4264 2587 
4265 4265 
4266 4746 4988 4088 4915 4745 4777 4973 
4267 4670 
4268 4692 
4269 4972 
4270 4270 
4271 4945 4088 4490 4903 4659 4996 
4272 4519 
4273 4727 
4274 4932 
4275 4959 
4276 4805 
4277 4972 
4278 4962 
4279 4508 4836 4733 4346 4997 4996 
4280 4535 
4281 4281 
4282 4747 
4283 4932 
4284 4556 
4285 4988 
4286 4892 
4287 4535 
4288 4896 
4289 4777 
4290 4944 
4291 4633 
4292 4901 
4293 4951 
4294 4508 
4295 4490 
4296 4982 
4297 4945 
4298 4706 
4299 4882 
4300 4670 
4301 4939 
4302 4959 
4303 4896 
4304 4923 4798 4977 4651 4892 4974 5000 
4305 4853 
4306 4959 
4307 4995 
4308 4733 
4309 4346 
4310 4956 
4311 4968 
4312 4312 
4313 2587 
4314 4970 
4315 4767 
4316 4963 4017 4796 4969 4585 4880 5000 
4317 4954 
4318 4968 
4319 4956 
4320 4265 
4321 4926 
4322 4733 4706 4796 4982 4954 4989 4908 
4323 4967 
4324 4953 
4325 4325 
4326 4782 
4327 4853 
4328 4871 
4329 4970 
4330 4454 
4331 4787 
4332 4767 
4333 4784 
4334 4963 
4335 4708 
4336 4692 4836 4527 4851 4945 4951 
4337 4337 
4338 4882 
4339 4924 
4340 4994 
4341 4982 
4342 3977 3640 4556 4746 4538 4625 
4343 4824 
4344 4325 
4345 3274 4362 4972 4078 4959 4823 
4346 4346 
4347 4959 
4348 4955 
4349 4805 
4350 4831 
4351 4962 
4352 3803 4799 4782 4698 4976 
4353 4974 
4354 4979 
4355 4930 
4356 4880 
4357 4977 
4358 4923 
4359 4995 
4360 4996 
4361 4054 
4362 4362 
4363 4901 
4364 4970 
4365 4991 4990 4967 4998 4976 
4366 4990 4088 4560 4976 4670 4984 
4367 4882 
4368 4932 
4369 4986 
4370 4982 
4371 4970 
4372 4738 
4373 4974 
4374 4992 
4375 4697 
4376 4962 
4377 4766 
4378 4871 
4379 4996 
4380 4773 
4381 4875 
4382 4974 
4383 4933 4808 
4384 4956 
4385 4727 
4386 4625 
4387 4782 4923 4587 4966 4917 
4388 4961 
4389 4799 
4390 4585 
4391 4766 
4392 4392 
4393 4477 
4394 4968 
4395 4955 
4396 4882 
4397 4535 
4398 4951 
4399 4538 4325 4853 3977 4896 4886 
4400 4968 
4401 4951 
4402 4892 
4403 4111 
4404 4659 
4405 4706 
4406 4996 
4407 4407 
4408 4896 
4409 4991 2792 4587 4560 4633 4984 
4410 4990 
4411 4633 
4412 4959 
4413 4998 
4414 4880 4697 4773 4953 4991 
4415 4976 
4416 4886 
4417 4989 
4418 4418 
4419 4961 
4420 4972 
4421 4705 
4422 4823 
4423 4986 
4424 4979 
4425 4805 
4426 4871 
4427 4868 
4428 4968 
4429 4782 
4430 4949 
4431 4951 
4432 4982 
4433 4777 4111 4832 4991 5000 4998 
4434 4733 
4435 4467 
4436 4962 2792 4796 4560 4932 
4437 4693 
4438 4901 
4439 4692 4670 3246 4996 4823 4777 
4440 4440 
4441 4970 
4442 4976 
4443 4443 
4444 4996 
4445 4994 
4446 4519 4949 4871 4997 4955 
4447 4759 
4448 4903 
4449 4560 
4450 4625 
4451 4945 
4452 4882 
4453 4968 
4454 4454 
4455 4976 
4456 4808 4974 4996 
4457 4972 
4458 4979 
4459 4871 
4460 4944 
4461 4963 
4462 4930 
4463 4996 
4464 4519 
4465 4896 
4466 4969 
4467 4467 
4468 4933 
4469 4798 
4470 4111 
4471 4727 
4472 4472 
4473 4977 4986 4454 4789 4988 4879 
4474 4990 
4475 4963 4777 4745 4535 4951 4959 4910 
4476 4798 
4477 4477 
4478 4930 
4479 4997 
4480 4990 
4481 4954 
4482 4538 4824 4733 5000 4959 
4483 4982 
4484 4996 
4485 4986 
4486 3775 
4487 4926 
4488 4879 
4489 4970 
4490 4490 
4491 4967 
4492 4871 
4493 4493 
4494 4969 
4495 4798 
4496 4972 
4497 4823 
4498 4959 
4499 4999 
4500 4951 
4501 4824 4708 4519 4556 4976 4632 
4502 4945 
4503 4836 
4504 4991 
4505 4924 
4506 4989 
4507 4976 
4508 4508 
4509 4932 
4510 4733 
4511 4970 
4512 4775 4991 4853 4703 4831 4951 4836 
4513 4963 
4514 4959 
4515 4961 
4516 4831 
4517 4535 
4518 4901 
4519 4519 
4520 4924 
4521 4693 
4522 4923 
4523 4766 
4524 4970 
4525 4585 4988 4773 4986 4805 4974 4800 
4526 4868 
4527 4527 
4528 4908 
4529 4982 
4530 4924 
4531 4962 
4532 4974 
4533 3977 
4534 4747 
4535 4535 
4536 4999 
4537 4789 
4538 4538 
4539 4953 
4540 4119 
4541 4690 
4542 4362 
4543 4868 
4544 4738 4265 4982 4853 4996 4999 
4545 4969 
4546 4851 
4547 4896 
4548 4833 
4549 4879 
4550 4973 
4551 4999 
4552 4766 
4553 4706 
4554 4831 
4555 4992 
4556 4556 
4557 4995 
4558 4892 
4559 4559 
4560 4560 
4561 4625 
4562 4633 
4563 4945 
4564 4101 4538 4454 4871 4968 4901 4701 4915 
4565 4915 
4566 4968 
4567 4701 
4568 4969 
4569 4949 
4570 4831 
4571 4979 
4572 4988 
4573 4824 
4574 4836 
4575 4651 
4576 4944 
4577 4997 
4578 4880 
4579 4617 
4580 4994 
4581 4443 
4582 5000 
4583 4831 
4584 4745 
4585 4585 
4586 4746 
4587 4587 
4588 4746 
4589 4535 4027 4875 4956 4995 
4590 4956 
4591 4882 
4592 4968 
4593 4690 
4594 4868 
4595 4896 
4596 4771 
4597 4784 
4598 4733 
4599 4990 
4600 4951 
4601 4972 
4602 4933 4690 4868 4698 4836 
4603 4901 
4604 4604 
4605 4692 
4606 4659 
4607 4705 
4608 4963 
4609 4745 
4610 4777 
4611 4745 
4612 4824 
4613 4988 
4614 4967 
4615 4585 
4616 4836 
4617 4617 
4618 4771 
4619 4915 4418 4538 4823 4733 
4620 4879 
4621 4733 
4622 4989 
4623 4968 
4624 4625 
4625 4625 
4626 4977 
4627 4932 
4628 4961 
4629 4966 
4630 4903 3992 4996 4956 4312 4708 
4631 4871 
4632 4632 
4633 4633 
4634 4535 4362 4953 4585 4970 4997 
4635 4823 
4636 4961 
4637 4871 
4638 4880 
4639 4972 
4640 4915 
4641 4962 
4642 4875 
4643 4784 
4644 4901 
4645 4984 
4646 4868 
4647 4733 
4648 4991 
4649 4746 
4650 4880 
4651 4651 
4652 2842 4472 4706 4799 3891 4970 4879 
4653 4875 
4654 4976 
4655 4556 4823 3108 4738 4798 4821 4933 4984 
4656 4733 
4657 4836 
4658 3223 4560 4996 4633 4833 4976 4901 
4659 4659 
4660 4879 
4661 4805 4963 4910 4979 4976 4771 4875 
4662 4766 
4663 4908 
4664 4664 
4665 4945 
4666 4632 
4667 4982 
4668 4984 
4669 4800 
4670 4670 
4671 3977 
4672 4670 
4673 4706 
4674 4951 
4675 4969 
4676 4994 
4677 4766 
4678 4678 
4679 4823 
4680 4908 
4681 4967 
4682 4998 
4683 4443 4773 4933 4697 4986 4664 4659 
4684 4766 
4685 4991 
4686 4703 
4687 4706 
4688 4821 
4689 4670 
4690 4690 
4691 4967 
4692 4692 
4693 4693 
4694 4956 
4695 4966 
4696 4967 
4697 4697 
4698 4698 
4699 4963 
4700 4944 
4701 4701 
4702 4787 
4703 4703 
4704 4823 
4705 4705 
4706 4706 
4707 4832 
4708 4708 
4709 4808 
4710 4824 
4711 5000 
4712 3274 
4713 4824 
4714 4984 
4715 4997 
4716 4472 4787 4805 5000 4977 4999 4998 
4717 4824 
4718 4990 
4719 4901 
4720 4963 
4721 4984 
4722 4930 
4723 4961 
4724 4800 
4725 4926 
4726 4692 4472 4977 4604 4706 4519 4990 4954 
4727 4727 
4728 4939 
4729 4882 4945 4860 4982 4875 4984 
4730 4777 
4731 4989 
4732 4773 
4733 4733 
4734 4984 
4735 5000 
4736 4966 4697 4879 4824 4991 4945 4949 4932 
4737 4886 
4738 4738 
4739 4892 
4740 4932 
4741 4959 
4742 4974 
4743 4892 
4744 4800 
4745 4745 
4746 4746 
4747 4747 
4748 4796 4949 4939 4953 4733 4969 4886 
4749 4989 
4750 4901 
4751 4787 4924 4970 4701 4477 4860 4990 
4752 4824 4990 4962 4977 4988 4703 4963 
4753 4765 
4754 4759 
4755 5000 
4756 4967 
4757 4805 
4758 4973 4880 4879 4823 4407 4984 
4759 4759 
4760 4853 
4761 4519 4926 4799 4969 4875 4976 
4762 4831 
4763 4767 4945 4917 4078 4727 
4764 4996 
4765 4765 
4766 4766 
4767 4767 
4768 4833 
4769 4811 4972 3246 4078 4670 4771 4996 4944 
4770 4956 
4771 4771 
4772 4896 
4773 4773 
4774 4860 
4775 4775 
4776 4996 
4777 4777 
4778 4886 
4779 4953 
4780 4823 
4781 4970 
4782 4782 
4783 4995 
4784 4784 
4785 4705 4617 4879 4585 4939 4860 4988 
4786 4440 4882 4963 4337 4784 4990 4901 4984 
4787 4787 
4788 4966 
4789 4789 
4790 4991 4738 4910 4860 4851 4782 4800 
4791 4908 
4792 3246 3625 4917 4994 4777 4773 4625 4747 
4793 4875 
4794 4836 
4795 4963 
4796 4796 
4797 4782 
4798 4798 
4799 4799 
4800 4800 
4801 4119 4782 4440 4832 4932 5000 4944 4999 
4802 4959 
4803 4875 
4804 4939 
4805 4805 
4806 4860 
4807 4982 
4808 4808 
4809 4926 
4810 4930 
4811 4811 
4812 4967 
4813 4832 
4814 4982 
4815 4984 
4816 4880 
4817 4974 
4818 4944 
4819 4961 
4820 4824 
4821 4821 
4822 4882 
4823 4823 
4824 4824 
4825 4977 
4826 4959 
4827 4901 
4828 4997 
4829 4962 4959 3803 4823 4982 4708 4994 
4830 4908 
4831 4831 
4832 4832 
4833 4833 
4834 4977 
4835 4974 4632 4968 4440 4896 4926 4535 4625 
4836 4836 
4837 4901 
4838 4945 
4839 4959 
4840 4998 
4841 4670 4651 4805 4945 4733 4959 4924 4967 
4842 4836 
4843 4967 
4844 4986 
4845 4963 
4846 4915 
4847 4974 
4848 4915 
4849 4868 
4850 4944 
4851 4851 
4852 4977 
4853 4853 
4854 4973 
4855 2274 4996 4994 4915 4798 4705 4836 4703 
4856 4951 
4857 4999 
4858 4706 4966 4773 4990 4973 4976 4984 
4859 4896 4967 4705 4932 4954 4949 4973 4860 
4860 4860 
4861 4766 
4862 4879 
4863 4944 
4864 4990 
4865 4996 
4866 4967 
4867 4955 
4868 4868 
4869 4871 
4870 4970 4784 4831 4617 4951 4982 4886 4963 
4871 4871 
4872 4999 
4873 4990 
4874 4939 
4875 4875 
4876 4967 
4877 4969 
4878 4917 
4879 4879 
4880 4880 
4881 4924 
4882 4882 
4883 4443 2694 4119 4831 4824 4705 4270 4973 
4884 5000 
4885 4999 
4886 4886 
4887 4991 
4888 4824 
4889 4996 
4890 4976 
4891 4882 
4892 4892 
4893 4949 
4894 4955 
4895 4527 4559 4998 4808 4784 4625 4930 4967 
4896 4896 
4897 4984 
4898 3577 4017 4759 4670 4362 4111 4982 5000 
4899 4963 
4900 4585 
4901 4901 
4902 4910 
4903 4903 
4904 4997 
4905 4959 
4906 4988 
4907 4932 
4908 4908 
4909 4959 
4910 4910 
4911 4992 
4912 4880 
4913 4991 
4914 4995 
4915 4915 
4916 4973 
4917 4917 
4918 4962 
4919 4930 
4920 4951 
4921 4977 4992 4811 4519 4678 4949 4998 4967 
4922 4961 
4923 4923 
4924 4924 
4925 4953 3108 4789 4337 3274 4988 4805 
4926 4926 
4927 4998 
4928 4805 4824 4633 4953 4982 4932 4974 4892 
4929 4990 
4930 4930 
4931 4967 4706 4346 4690 4823 4821 4979 4705 
4932 4932 
4933 4933 
4934 4995 
4935 4939 
4936 4705 3977 4969 4796 4054 4924 4970 4982 
4937 4708 4706 4527 4766 4362 3992 4977 4990 
4938 4996 
4939 4939 
4940 4963 
4941 4970 
4942 5000 
4943 4990 
4944 4944 
4945 4945 
4946 4823 
4947 4984 
4948 4998 
4949 4949 
4950 4915 4962 4454 4871 4963 3274 4868 4939 
4951 4951 
4952 4923 4250 4962 4977 4951 4996 4998 4970 
4953 4953 
4954 4954 
4955 4955 
4956 4956 
4957 4443 4969 4973 4966 4992 4798 4270 
4958 4984 4587 4880 4923 4777 4800 4995 
4959 4959 
4960 4799 2587 4949 4585 4708 4986 4991 4678 
4961 4961 
4962 4962 
4963 4963 
4964 4976 
4965 4270 3246 4823 4966 4773 4535 4490 4915 
4966 4966 
4967 4967 
4968 4968 
4969 4969 
4970 4970 
4971 4974 
4972 4972 
4973 4973 
4974 4974 
4975 4976 
4976 4976 
4977 4977 
4978 4999 
4979 4979 
4980 4823 
4981 4986 
4982 4982 
4983 4088 4972 4962 4784 4799 4270 4701 4999 
4984 4984 
4985 4998 
4986 4986 
4987 4798 
4988 4988 
4989 4989 
4990 4990 
4991 4991 
4992 4992 
4993 4312 4773 4535 4979 4963 4967 4879 4976 
4994 4994 
4995 4995 
4996 4996 
4997 4997 
4998 4998 
4999 4999 
5000 5000 
