1 4919 
2 4943 
3 4954 
4 4863 
5 4965 
6 425 
7 4972 
8 4600 4824 4948 
9 4351 4850 4659 
10 4994 
11 4522 
12 4971 
13 4920 
14 4960 
15 4989 
16 4808 
17 4965 
18 4964 
19 4971 
20 4727 
21 4593 
22 4744 
23 4849 
24 4351 
25 4977 
26 4980 
27 4987 
28 4965 
29 4847 
30 4981 
31 4865 
32 4990 4808 4986 
33 4863 
34 4759 
35 4755 
36 4965 
37 4332 
38 4995 
39 4890 4932 
40 4769 
41 4953 
42 4831 
43 5000 
44 4995 4890 
45 4943 
46 4931 
47 4981 
48 4877 
49 4786 
50 4953 
51 4965 
52 4824 
53 4989 
54 4507 
55 4854 
56 4859 4758 
57 4699 
58 4735 
59 4954 
60 4949 
61 4906 
62 4991 
63 4957 4977 
64 4977 
65 4931 
66 4858 4887 
67 3961 
68 4587 
69 4819 
70 4600 
71 5000 
72 4865 
73 4758 
74 4671 
75 4954 
76 4846 
77 4606 
78 4993 
79 4864 4985 
80 4954 
81 4507 
82 4727 
83 4994 
84 4986 
85 4985 
86 4990 
87 4990 
88 4992 
89 4833 
90 4990 
91 4858 4943 
92 4921 
93 4985 
94 4986 
95 4985 
96 4859 
97 4761 
98 4859 
99 4990 
100 4735 
101 4911 
102 4351 
103 4833 4992 4911 
104 4965 
105 4560 4956 
106 4938 
107 4938 
108 4938 
109 4897 
110 4859 
111 4926 
112 4735 
113 4659 
114 4946 
115 4930 
116 4971 
117 4972 
118 4980 
119 4964 
120 4659 
121 4727 
122 4528 4912 
123 4949 
124 4967 
125 4755 
126 4977 
127 3987 4958 
128 3961 
129 4897 4887 
130 4906 
131 4769 
132 4755 4979 
133 4951 
134 4957 
135 4351 
136 4980 4967 
137 4972 
138 4869 
139 4994 4863 
140 4638 
141 4850 
142 4833 
143 4912 
144 4850 
145 4932 
146 4904 
147 4769 
148 4890 
149 4986 
150 4759 
151 4587 
152 4933 
153 4938 4858 4955 
154 4847 
155 4993 4956 
156 4946 
157 4930 
158 3970 
159 4890 
160 4986 4522 
161 4629 
162 4849 
163 4956 
164 4866 
165 4600 
166 4854 
167 4887 
168 4999 
169 4969 
170 4969 
171 4960 
172 4992 
173 4819 
174 4850 
175 4824 
176 4981 
177 4070 
178 4560 
179 4906 
180 4869 
181 4930 
182 4897 
183 4615 
184 4967 4859 
185 4744 
186 4977 
187 4921 
188 4615 
189 4986 
190 4831 
191 4699 
192 4920 
193 4991 
194 3983 
195 4960 
196 4671 
197 4949 
198 4783 4917 4911 
199 4906 
200 4890 
201 4992 
202 4920 
203 4917 4966 
204 4946 
205 4866 
206 4930 
207 4990 
208 4971 
209 4975 4659 
210 4899 
211 4919 
212 4865 4783 
213 4926 
214 4995 
215 4920 
216 4920 
217 4930 
218 4953 
219 4951 
220 4786 
221 4847 
222 4744 
223 4813 4865 
224 4671 
225 5000 
226 4982 
227 4907 
228 4981 
229 4849 
230 4897 
231 4866 
232 4964 4695 
233 4416 
234 4958 
235 4769 
236 4786 
237 4727 
238 4971 
239 4847 
240 4993 
241 4849 
242 4954 
243 4824 
244 4783 
245 4973 
246 4969 
247 4992 
248 4949 
249 4858 
250 4943 
251 4987 
252 4969 
253 4465 
254 4676 
255 4070 
256 4917 4755 4949 
257 4847 
258 4957 4971 4831 
259 4615 
260 4786 
261 4992 
262 4979 
263 4972 
264 4965 
265 4912 
266 4967 4958 
267 4813 
268 4980 
269 4989 
270 4524 
271 4907 
272 4854 
273 4989 
274 4833 
275 4953 
276 4824 
277 4946 
278 4948 
279 4993 
280 4975 
281 4819 4786 
282 4992 
283 4991 
284 4524 4977 
285 4659 
286 4869 
287 4184 4906 
288 4932 
289 4985 4865 
290 4761 
291 4946 
292 4920 
293 4854 
294 4971 
295 4982 
296 4956 4332 
297 4990 
298 4982 
299 4992 
300 3983 4351 
301 4671 
302 4813 
303 4989 
304 4831 
305 4831 
306 4960 
307 4986 
308 4954 
309 5000 
310 4695 
311 4971 
312 4981 
313 4833 
314 4676 
315 4999 
316 4869 
317 4671 
318 4600 
319 4946 
320 4758 4858 
321 4965 
322 4676 
323 4995 
324 4887 
325 4982 
326 4813 
327 4070 
328 4850 
329 4560 
330 4932 
331 4906 
332 4865 
333 4887 
334 4906 
335 4465 
336 4930 
337 3961 
338 4521 4979 4932 
339 4904 
340 4986 
341 4465 
342 4897 
343 4989 
344 4994 
345 4858 
346 4863 
347 4521 
348 4995 
349 4587 4859 
350 4416 
351 4859 
352 4926 
353 4769 
354 4985 
355 4615 
356 4522 
357 4954 
358 4977 
359 5000 
360 4972 
361 4865 
362 4969 
363 4865 
364 4994 
365 5000 
366 4912 
367 4866 
368 4899 
369 4938 
370 4919 
371 4661 
372 4877 
373 4986 
374 4866 3983 4671 
375 4769 
376 4965 
377 4930 
378 4982 
379 4831 4972 
380 4847 4930 
381 4906 
382 4819 4864 
383 4744 
384 4967 
385 4995 
386 4661 
387 4991 
388 4979 
389 4979 
390 4967 
391 4977 
392 4972 
393 4994 
394 4847 
395 4416 
396 4833 
397 4954 
398 4972 
399 4979 
400 4973 
401 4980 
402 4965 
403 4958 
404 4990 
405 4398 
406 4659 
407 4890 
408 4957 
409 4992 
410 4636 
411 4897 4707 
412 4636 
413 4680 
414 4636 4951 
415 4661 
416 4865 
417 4847 
418 4994 
419 4972 
420 4911 
421 4994 
422 4921 
423 4528 
424 4416 4971 
425 425 
426 4680 
427 4926 
428 4949 
429 5000 
430 4999 
431 4070 
432 4351 
433 4424 
434 4949 
435 4917 
436 4990 
437 4906 
438 4671 4771 
439 4859 
440 4938 4863 
441 4992 
442 4982 
443 4728 
444 4897 
445 4938 
446 4986 
447 4351 
448 4987 
449 4921 
450 4977 
451 4522 
452 4904 
453 4831 
454 4695 
455 4958 
456 4890 
457 4695 
458 4833 
459 4813 
460 4994 
461 3970 
462 4864 
463 4948 4917 
464 4854 
465 4990 
466 4969 
467 4966 
468 4824 
469 4758 
470 4921 
471 4920 
472 4921 
473 4932 
474 4946 
475 4979 
476 4521 
477 4755 
478 4676 
479 4528 
480 4911 
481 4744 
482 4847 
483 4808 4890 
484 3987 
485 4521 4948 4991 
486 4933 
487 4979 
488 4949 
489 4424 
490 4759 
491 4969 
492 4964 
493 4969 
494 4921 
495 4969 
496 4786 4849 
497 4890 
498 4606 4332 
499 4982 
500 4744 
501 4975 
502 4859 
503 4960 
504 4938 
505 4938 
506 4986 
507 4638 
508 4849 
509 4661 
510 4955 
511 4993 
512 4761 
513 4786 
514 4951 
515 4859 
516 4636 
517 4865 
518 4957 
519 4744 
520 4954 
521 4671 4965 
522 4833 
523 4824 
524 4866 
525 4507 
526 4759 
527 4971 
528 4977 
529 4999 
530 4966 
531 4676 
532 4808 
533 4912 4957 
534 4965 
535 4638 
536 4661 
537 4184 
538 5000 
539 4465 
540 4831 
541 4755 
542 4671 
543 4560 
544 4992 
545 4528 4938 
546 4986 
547 4912 
548 4849 
549 4808 
550 4966 
551 4946 
552 4980 
553 4416 
554 4755 
555 4824 4971 
556 4946 
557 4863 
558 5000 
559 4783 
560 4659 4999 
561 4917 
562 4728 
563 4850 
564 5000 
565 4969 
566 4593 
567 4977 
568 4948 
569 4938 
570 4899 
571 4985 
572 4865 
573 4813 
574 4964 
575 4850 
576 4912 
577 4560 4975 4967 
578 4695 
579 4951 
580 4070 
581 4600 
582 4813 
583 4854 
584 4907 
585 4943 
586 4864 
587 4904 
588 4975 
589 4507 
590 4954 
591 4824 
592 4957 
593 4990 
594 4930 
595 4973 
596 4332 
597 4931 
598 4854 
599 4528 
600 4948 
601 4911 
602 4957 
603 4957 
604 4946 
605 4863 
606 4890 
607 4869 
608 4956 
609 4933 
610 4636 
611 4985 
612 4864 
613 4824 
614 4971 
615 4850 
616 4863 
617 4982 
618 4676 
619 4184 
620 4912 
621 4957 
622 4699 
623 4813 
624 4930 
625 4864 4850 
626 4921 
627 4938 4877 
628 4850 
629 4969 
630 4833 
631 4761 
632 4999 
633 4965 
634 4863 
635 4926 
636 4890 4932 
637 4979 
638 4858 
639 4865 
640 4938 4707 
641 4930 
642 4933 
643 4813 
644 4954 
645 4636 
646 4992 
647 4846 
648 4969 
649 4967 
650 4659 
651 4990 
652 4847 
653 4946 
654 4977 
655 4912 
656 4926 4985 
657 4931 
658 4986 
659 4695 
660 4735 
661 4985 
662 3983 
663 3983 
664 4966 
665 4958 
666 4933 
667 4989 
668 4985 
669 3983 4980 
670 4769 
671 4475 
672 4629 
673 4887 
674 4887 
675 4951 
676 4994 
677 4899 
678 4994 
679 4521 
680 4869 
681 4955 
682 4967 
683 4967 4831 
684 4948 
685 4813 4953 4744 
686 4831 
687 4819 
688 4957 
689 3961 
690 4932 
691 4659 
692 4946 
693 4759 
694 4847 
695 4949 
696 4994 
697 4995 
698 4707 
699 4921 
700 4985 
701 4629 
702 4615 
703 4813 
704 4932 
705 4661 4869 
706 4957 
707 4819 
708 4521 
709 4912 
710 4398 
711 4991 
712 4854 
713 4887 
714 4980 
715 4846 
716 4985 
717 4850 
718 4938 
719 4831 4695 
720 4528 
721 4865 
722 4659 4865 
723 4926 
724 4933 
725 3970 
726 4629 
727 4977 
728 4813 
729 3987 
730 4465 
731 4948 
732 4831 
733 4990 
734 4695 
735 4351 
736 4986 
737 4847 
738 4846 
739 4863 
740 4975 
741 4587 4985 
742 4859 
743 4979 
744 4985 
745 4948 
746 4638 
747 4958 4858 
748 4833 
749 4949 
750 4987 
751 4859 
752 4424 
753 4958 4899 4699 
754 4824 4932 
755 4904 
756 4897 
757 4808 
758 4636 
759 4629 
760 4911 
761 4982 
762 4985 
763 4919 4938 
764 4904 
765 4863 
766 4966 
767 4994 
768 4972 
769 4890 
770 4863 
771 4744 
772 4744 4953 
773 4865 
774 4824 
775 4980 
776 4858 4890 
777 4946 
778 4833 
779 4849 
780 4977 
781 4955 
782 4930 
783 4960 
784 4398 
785 4890 
786 4906 
787 4783 
788 4863 
789 4786 
790 4638 
791 4858 
792 4629 
793 4786 
794 4897 
795 4971 
796 4759 
797 4786 
798 4695 
799 4524 
800 4971 
801 3983 
802 4921 
803 4416 
804 4967 
805 4771 
806 4958 
807 4930 
808 4948 
809 4890 
810 4949 
811 4943 
812 4849 
813 4932 
814 4990 
815 4680 
816 4863 
817 4858 
818 4964 
819 4671 
820 4824 
821 4989 
822 4991 
823 4956 
824 824 
825 4606 
826 4813 
827 4958 
828 4933 
829 4890 
830 4917 
831 4897 
832 4813 
833 4831 4911 
834 4949 
835 4528 
836 4615 
837 4912 
838 4991 
839 4758 
840 4416 4890 
841 4985 4991 
842 4833 
843 4864 
844 4931 
845 4831 
846 4849 4771 
847 4917 
848 4999 
849 4906 
850 4954 
851 4424 4964 4982 
852 4507 
853 4629 
854 4899 
855 4904 
856 4606 
857 4647 
858 4866 
859 4965 
860 4980 
861 4943 
862 4932 
863 4859 
864 4926 
865 4528 
866 4858 4744 
867 4831 
868 4638 
869 4869 
870 4948 
871 4993 4973 
872 4951 
873 4964 
874 4975 
875 4755 4890 
876 1060 
877 4833 4416 4786 
878 4636 
879 4560 
880 4758 
881 4850 
882 4758 
883 4887 
884 4907 4758 
885 4854 
886 4707 
887 4992 
888 4930 
889 4920 4926 
890 4912 
891 4938 
892 4906 
893 4989 
894 4955 
895 4989 
896 4958 
897 4967 
898 4977 4831 
899 4926 
900 4528 
901 4926 4946 
902 4994 
903 4863 
904 4786 
905 4831 
906 4926 
907 4865 4126 
908 4465 
909 4975 
910 4849 
911 4993 
912 4899 5000 
913 4956 
914 4676 
915 4938 
916 4991 
917 4560 
918 4707 
919 4979 
920 4824 4758 
921 4972 
922 4813 824 
923 4808 
924 4864 
925 4638 
926 4987 
927 4960 
928 4824 
929 4606 
930 4960 
931 4980 
932 4849 
933 4858 
934 4416 
935 4926 
936 4979 
937 4948 
938 4897 
939 4938 
940 4864 
941 4783 
942 4967 
943 4587 
944 4808 
945 4911 
946 4926 4965 
947 4786 
948 4980 
949 4744 
950 4906 4671 
951 4943 
952 4398 4524 
953 4972 
954 4991 
955 4975 
956 4680 4985 4899 
957 4992 
958 4854 
959 4920 4507 
960 4912 
961 4769 
962 4912 
963 4786 
964 4938 
965 4957 
966 4659 
967 4744 
968 4951 
969 4606 
970 4931 
971 4992 
972 4769 4676 
973 4987 
974 4833 
975 4904 
976 4521 
977 4659 
978 4522 
979 4695 
980 4964 
981 4813 4955 
982 4969 
983 4954 
984 4351 
985 4990 
986 4863 
987 4991 
988 4980 
989 4965 
990 4727 
991 4524 4863 
992 4847 
993 4971 
994 4953 
995 4865 
996 4824 
997 4465 
998 4977 
999 4946 
1000 4967 
1001 4980 
1002 4994 
1003 4897 
1004 4969 4957 
1005 4475 4930 
1006 4858 
1007 4933 
1008 4728 
1009 4831 
1010 4475 
1011 4977 
1012 4850 
1013 4859 
1014 4990 4659 
1015 4948 
1016 4930 
1017 4680 
1018 4659 
1019 4771 4982 
1020 4919 
1021 4994 
1022 4994 
1023 4967 
1024 4954 
1025 4786 
1026 4887 
1027 4831 
1028 4985 
1029 4831 
1030 4629 
1031 4957 4398 
1032 4755 
1033 4957 
1034 4831 
1035 4758 
1036 4930 
1037 4727 
1038 4858 
1039 4960 
1040 4899 
1041 4954 
1042 4966 
1043 4850 
1044 4995 
1045 4985 
1046 4920 
1047 4416 
1048 4975 
1049 4965 
1050 5000 
1051 4971 4587 
1052 4676 
1053 3983 
1054 4938 
1055 4979 
1056 4969 
1057 4846 
1058 4863 
1059 4994 
1060 1060 4416 
1061 4184 
1062 4863 4744 
1063 4629 
1064 4985 
1065 425 4758 
1066 4953 4890 4982 
1067 4866 
1068 4819 
1069 4849 
1070 4184 4854 
1071 4755 
1072 4926 
1073 4967 
1074 4946 
1075 4986 
1076 4899 
1077 4695 
1078 4958 
1079 4593 
1080 4912 4906 
1081 4560 
1082 4907 
1083 4979 
1084 4926 
1085 4987 
1086 4973 
1087 4863 
1088 4930 
1089 4933 
1090 4955 
1091 4930 
1092 4911 
1093 4824 
1094 4899 
1095 4958 
1096 4659 
1097 4985 
1098 4728 
1099 4808 
1100 4126 4899 
1101 4972 
1102 4992 
1103 4593 
1104 4465 
1105 4975 
1106 4957 
1107 4126 
1108 4833 
1109 4416 
1110 4990 
1111 4858 
1112 4819 
1113 4946 
1114 4398 
1115 4769 
1116 4758 
1117 4946 
1118 4863 
1119 4786 
1120 4985 
1121 4528 
1122 4521 
1123 4975 
1124 4877 
1125 4755 
1126 4416 
1127 4824 
1128 4926 4865 
1129 4695 
1130 4955 
1131 4600 
1132 4980 
1133 4932 
1134 4847 
1135 4971 
1136 4975 
1137 4989 
1138 4850 
1139 4985 
1140 4994 
1141 4954 
1142 4819 
1143 4921 
1144 4890 
1145 4933 
1146 4850 
1147 4824 
1148 4921 
1149 4999 
1150 4863 4819 4475 
1151 4424 
1152 4977 
1153 4849 
1154 4926 
1155 4985 
1156 4995 
1157 4948 4695 
1158 4863 
1159 4966 
1160 4695 
1161 4938 
1162 4946 
1163 4930 
1164 4831 
1165 4771 
1166 4949 
1167 4850 
1168 4989 
1169 4930 
1170 4979 
1171 4744 
1172 4755 4932 
1173 4973 
1174 4465 
1175 4938 
1176 4416 
1177 4659 
1178 4932 
1179 4850 
1180 4906 
1181 4957 
1182 4930 
1183 4849 
1184 4846 
1185 4975 
1186 4877 
1187 4783 
1188 4863 
1189 4985 
1190 4912 
1191 4676 
1192 4964 
1193 4957 
1194 4987 
1195 4707 
1196 4907 
1197 4615 
1198 4999 
1199 4917 
1200 4972 
1201 4887 
1202 4398 
1203 4975 
1204 4899 
1205 4965 
1206 4981 
1207 4676 
1208 4954 4969 
1209 4958 
1210 4507 
1211 4966 
1212 4847 
1213 4858 
1214 4859 3961 
1215 4943 
1216 4858 
1217 4911 
1218 4986 
1219 4938 
1220 4899 
1221 4676 
1222 4863 
1223 4920 
1224 4999 
1225 425 
1226 4992 
1227 4831 
1228 4920 
1229 4982 
1230 4695 
1231 4973 
1232 4887 
1233 4946 
1234 4981 
1235 4906 
1236 4769 4465 
1237 3961 4126 4926 
1238 4994 
1239 4521 
1240 4699 
1241 4980 
1242 4863 
1243 4919 
1244 4993 
1245 4977 
1246 4184 
1247 4587 
1248 4933 
1249 4964 
1250 4864 
1251 4960 
1252 4744 
1253 4931 3987 
1254 4629 4846 
1255 4956 
1256 4416 
1257 4728 
1258 4833 
1259 4954 
1260 4833 
1261 4676 
1262 4956 
1263 4989 
1264 4969 
1265 4593 
1266 4786 
1267 4994 
1268 4833 
1269 4989 
1270 4831 
1271 4981 
1272 4946 
1273 4975 
1274 4971 
1275 4858 
1276 4960 
1277 4824 
1278 4865 
1279 4946 
1280 4761 
1281 4966 
1282 4728 
1283 4890 
1284 4965 
1285 4824 
1286 4831 
1287 4995 
1288 4994 
1289 4986 
1290 3987 
1291 4707 
1292 4890 
1293 4991 
1294 4911 
1295 4869 
1296 4953 
1297 4833 
1298 4991 
1299 4960 
1300 4783 
1301 4946 
1302 4949 
1303 4964 
1304 4993 
1305 4744 
1306 4986 
1307 4933 
1308 4847 
1309 4933 
1310 4846 
1311 4865 4522 
1312 3970 
1313 4524 
1314 4969 
1315 4351 
1316 4600 
1317 4070 
1318 4985 
1319 4979 
1320 4989 
1321 4676 
1322 4676 4615 
1323 4416 
1324 4958 
1325 4695 4869 
1326 4989 
1327 4416 
1328 4971 
1329 4398 
1330 4890 
1331 4999 
1332 4964 
1333 4758 
1334 4813 
1335 4126 
1336 4629 
1337 4899 
1338 4424 
1339 4999 
1340 4965 
1341 4943 
1342 4919 
1343 4985 
1344 5000 
1345 4951 
1346 4930 
1347 4850 
1348 4987 
1349 4560 
1350 4126 
1351 4833 
1352 4833 
1353 4977 4964 
1354 4850 
1355 4975 
1356 4638 
1357 4351 
1358 4398 
1359 4824 
1360 4921 
1361 4863 
1362 4999 
1363 4986 
1364 4524 
1365 4866 
1366 4877 
1367 4897 
1368 4864 
1369 4890 
1370 4930 
1371 4926 
1372 4758 
1373 4948 
1374 4521 
1375 4994 
1376 4948 
1377 4854 4994 
1378 4858 
1379 4943 
1380 4680 4854 
1381 4864 
1382 4986 
1383 4615 
1384 4521 
1385 4965 
1386 4926 
1387 4126 
1388 4833 
1389 4819 
1390 4850 
1391 4953 
1392 4833 
1393 4759 
1394 4981 
1395 4993 
1396 4755 
1397 4951 
1398 4980 
1399 4965 
1400 4351 
1401 4982 
1402 4890 
1403 4864 
1404 4849 
1405 4994 
1406 4969 
1407 5000 
1408 4771 
1409 4877 
1410 4919 
1411 4786 
1412 4999 
1413 4727 
1414 4707 
1415 4917 
1416 4921 
1417 4813 
1418 4995 3987 4465 
1419 4911 
1420 4593 
1421 4850 
1422 4676 
1423 4854 
1424 4863 
1425 4920 
1426 4953 
1427 4965 
1428 4981 
1429 4977 
1430 4985 
1431 4831 
1432 4995 
1433 4931 
1434 4899 
1435 4992 
1436 4930 
1437 4995 
1438 4991 
1439 4858 
1440 4993 
1441 4759 
1442 4979 
1443 5000 
1444 4930 
1445 4184 
1446 4629 
1447 4707 
1448 4906 
1449 4847 
1450 4932 
1451 4758 
1452 4424 
1453 4833 
1454 4813 
1455 4946 
1456 4600 
1457 4971 
1458 4864 
1459 4989 
1460 4933 
1461 4956 
1462 4707 
1463 4606 
1464 4865 
1465 4926 
1466 4943 
1467 4972 
1468 4755 
1469 4965 
1470 4824 
1471 4615 
1472 4424 
1473 4833 
1474 4351 
1475 3987 
1476 4846 
1477 4979 
1478 4951 
1479 4416 
1480 3961 
1481 4758 
1482 4972 
1483 4759 
1484 4824 
1485 4977 
1486 4671 
1487 4398 
1488 4771 
1489 4932 4933 
1490 4755 
1491 4992 
1492 4783 
1493 4972 
1494 4813 
1495 4865 4847 
1496 4897 
1497 4957 
1498 4958 
1499 4985 
1500 4465 
1501 4761 
1502 4989 
1503 4769 
1504 4866 
1505 4859 
1506 4921 
1507 4769 
1508 4629 
1509 4659 
1510 4699 
1511 4926 
1512 4979 
1513 4951 
1514 4948 
1515 4866 4994 4972 
1516 4985 
1517 4887 
1518 4465 
1519 4972 
1520 4951 
1521 4615 
1522 4933 
1523 4636 
1524 4969 
1525 4920 
1526 4921 
1527 4967 
1528 4971 
1529 4899 
1530 4465 
1531 4977 
1532 4967 
1533 4890 
1534 4858 
1535 4943 
1536 3961 
1537 4993 
1538 4890 
1539 4769 4808 4912 
1540 4966 
1541 4971 
1542 4985 
1543 4859 
1544 4975 
1545 4979 
1546 4854 
1547 4948 
1548 4971 
1549 4680 
1550 4744 
1551 4606 
1552 4993 
1553 4808 
1554 4676 
1555 5000 
1556 4955 
1557 4524 4920 4951 
1558 4973 
1559 4946 
1560 4824 
1561 4971 
1562 4921 
1563 4869 
1564 4921 
1565 4865 
1566 4744 
1567 4955 
1568 4398 
1569 4953 
1570 4465 
1571 4786 4629 
1572 4904 
1573 4926 
1574 4953 
1575 4938 
1576 4676 
1577 4990 
1578 4991 
1579 4906 
1580 4980 
1581 4964 
1582 4919 
1583 4990 
1584 4676 4965 
1585 4521 
1586 4966 
1587 4960 
1588 4126 
1589 4904 
1590 4938 
1591 4744 
1592 4659 
1593 4744 
1594 4969 
1595 4758 
1596 4992 
1597 4985 
1598 4699 
1599 4897 
1600 4887 
1601 4636 
1602 4869 
1603 4728 
1604 4865 
1605 4938 4824 4897 
1606 4930 
1607 4629 
1608 4522 
1609 4987 
1610 4864 
1611 4854 4398 
1612 4858 
1613 4676 
1614 4475 
1615 4958 
1616 3961 
1617 4615 
1618 4930 
1619 4847 
1620 4783 
1621 4957 
1622 4981 
1623 4863 
1624 4849 
1625 4938 
1626 4897 
1627 4990 
1628 4921 
1629 4993 
1630 4854 
1631 4465 4967 4906 
1632 3983 
1633 4850 
1634 4507 
1635 4987 
1636 4351 4858 
1637 4126 
1638 4906 
1639 4865 
1640 4971 
1641 4859 
1642 4659 
1643 4933 
1644 4955 
1645 4833 4859 
1646 4831 
1647 4897 
1648 4758 
1649 4971 
1650 4986 
1651 4921 
1652 4475 
1653 4846 
1654 4560 
1655 4833 
1656 4986 
1657 4866 
1658 4126 
1659 4953 
1660 4126 
1661 4992 
1662 4994 
1663 4951 
1664 4992 
1665 4969 
1666 4904 
1667 4993 
1668 4786 
1669 4911 
1670 4865 
1671 4972 
1672 4695 4965 
1673 4957 
1674 4416 
1675 4980 
1676 4967 
1677 4982 
1678 4824 
1679 4897 4758 
1680 4972 
1681 4647 
1682 4992 
1683 4761 
1684 4954 
1685 4070 
1686 4948 
1687 4980 
1688 4986 
1689 4819 
1690 4985 
1691 4398 
1692 4890 
1693 4969 
1694 4980 
1695 3987 
1696 4659 
1697 4995 
1698 4727 
1699 4507 
1700 4813 
1701 4965 
1702 4416 
1703 4948 
1704 4965 
1705 4967 4833 
1706 4680 
1707 4744 
1708 4965 
1709 4184 
1710 4877 
1711 4919 
1712 4824 4946 
1713 4521 
1714 4981 
1715 4994 
1716 4948 
1717 4906 
1718 4629 
1719 4912 
1720 4744 
1721 4975 
1722 4917 4972 
1723 4661 
1724 4907 
1725 4727 
1726 4954 
1727 4965 
1728 4981 
1729 4728 
1730 4859 
1731 4989 
1732 4993 
1733 4847 
1734 4847 
1735 4930 
1736 4184 
1737 4986 
1738 4957 
1739 4987 
1740 4783 
1741 4833 
1742 4695 
1743 4863 
1744 4398 
1745 4755 
1746 4897 
1747 4911 
1748 4877 
1749 4977 
1750 4990 
1751 4808 
1752 4636 
1753 4954 
1754 4926 
1755 4957 
1756 5000 
1757 4524 
1758 4926 
1759 4521 
1760 4965 
1761 4926 
1762 4995 
1763 4890 
1764 4946 
1765 4943 
1766 4906 
1767 4659 
1768 4676 
1769 4989 
1770 4831 4930 
1771 4966 
1772 4351 
1773 4971 
1774 4758 
1775 4587 
1776 4659 
1777 4906 
1778 4906 
1779 4863 
1780 4975 
1781 4991 
1782 4912 
1783 4707 
1784 4707 
1785 4465 
1786 4126 
1787 4964 
1788 4847 
1789 4524 
1790 4833 4808 4953 
1791 4424 
1792 4920 
1793 4831 
1794 4948 
1795 4850 
1796 4973 
1797 4735 
1798 4465 
1799 4994 
1800 4819 
1801 4985 
1802 4786 
1803 4990 
1804 4954 
1805 4931 
1806 4953 
1807 4904 
1808 4980 
1809 4951 
1810 4859 
1811 4897 
1812 4866 
1813 4707 
1814 4671 
1815 4126 
1816 4949 
1817 4911 
1818 4921 
1819 4587 
1820 4917 
1821 4783 
1822 4994 
1823 4522 
1824 4351 
1825 4967 
1826 4126 
1827 4921 
1828 4771 
1829 4831 
1830 5000 
1831 4769 
1832 4949 
1833 4995 
1834 4824 
1835 4424 
1836 4990 
1837 4995 
1838 4864 
1839 4475 
1840 4877 
1841 4957 
1842 4921 
1843 4126 
1844 4967 
1845 4967 
1846 4977 
1847 4890 
1848 4951 
1849 4965 
1850 4999 
1851 4615 
1852 4184 
1853 4930 
1854 4824 
1855 4985 
1856 4985 
1857 4897 
1858 4965 
1859 4755 
1860 4926 
1861 4946 
1862 4847 
1863 3961 4863 
1864 4521 
1865 4813 
1866 4973 
1867 4600 
1868 4424 
1869 4465 
1870 4866 
1871 4416 
1872 4416 
1873 4938 
1874 4865 
1875 4975 
1876 4926 
1877 4850 
1878 4951 
1879 4993 
1880 4863 
1881 4995 
1882 4769 
1883 5000 
1884 4769 
1885 4987 
1886 4858 
1887 4930 
1888 4475 
1889 4951 
1890 4971 
1891 4981 
1892 4973 
1893 4671 
1894 4958 
1895 4953 
1896 4906 
1897 4990 
1898 4979 
1899 4126 
1900 4949 
1901 4977 
1902 4979 
1903 4951 
1904 4897 
1905 4904 
1906 4695 
1907 4994 
1908 4890 
1909 4953 
1910 4507 
1911 4890 
1912 4833 
1913 4676 
1914 4744 
1915 4955 
1916 4943 
1917 4933 
1918 4994 
1919 4921 
1920 4995 
1921 4808 
1922 4865 
1923 5000 
1924 4975 
1925 4831 
1926 4949 
1927 4587 
1928 4981 
1929 4964 
1930 4964 
1931 4967 
1932 4977 
1933 4819 
1934 4953 
1935 4971 
1936 4943 
1937 4854 
1938 4982 
1939 4661 
1940 4899 
1941 4992 4969 4351 
1942 4854 
1943 4638 
1944 4966 
1945 4994 
1946 4887 
1947 4946 
1948 4890 
1949 4994 
1950 4864 
1951 4995 
1952 4615 4938 
1953 4890 
1954 4560 
1955 4824 
1956 4813 
1957 4956 
1958 4866 
1959 4680 
1960 4987 
1961 4769 
1962 4966 
1963 4964 
1964 4524 
1965 4659 
1966 4946 
1967 4965 4808 
1968 4521 
1969 4849 
1970 4890 
1971 4833 
1972 4938 
1973 4850 
1974 4707 
1975 4969 
1976 4982 
1977 4977 
1978 4824 4744 
1979 4992 
1980 4995 
1981 4786 
1982 4824 
1983 4989 
1984 4977 
1985 4930 
1986 4921 
1987 4973 
1988 4989 
1989 4647 
1990 4906 
1991 4971 
1992 3983 
1993 4831 4957 
1994 4863 
1995 4676 
1996 4761 
1997 4758 
1998 4727 
1999 4977 
2000 3970 
2001 4957 
2002 4560 
2003 4824 
2004 4424 
2005 4964 
2006 4938 
2007 4907 
2008 4854 
2009 4958 
2010 4560 
2011 4819 
2012 4933 
2013 4831 
2014 4957 
2015 4865 
2016 4986 
2017 4958 
2018 4398 
2019 4850 
2020 4899 
2021 4967 
2022 4926 
2023 4985 4522 
2024 4587 
2025 4960 
2026 4647 
2027 4943 
2028 4507 
2029 4990 
2030 4831 
2031 4761 
2032 4985 
2033 4906 4864 
2034 4615 
2035 4953 
2036 4416 
2037 4917 
2038 4475 
2039 4955 
2040 4850 
2041 4863 
2042 4966 
2043 4744 
2044 4989 
2045 4957 
2046 4986 
2047 4906 
2048 4956 
2049 4416 
2050 4956 
2051 4926 
2052 4847 
2053 4647 
2054 4964 
2055 4819 
2056 4995 
2057 4946 
2058 4850 
2059 4786 
2060 4969 
2061 4906 
2062 4850 
2063 4982 
2064 5000 
2065 4956 
2066 4958 
2067 4819 
2068 4951 
2069 4416 4982 
2070 4911 
2071 4755 
2072 4755 
2073 4906 
2074 4966 
2075 4759 
2076 4964 
2077 4707 
2078 4967 
2079 3961 
2080 4831 
2081 4659 
2082 4859 
2083 4070 
2084 4989 
2085 4863 
2086 4991 
2087 4863 
2088 4977 
2089 4989 
2090 4849 4864 
2091 4850 
2092 4999 
2093 4990 
2094 4964 
2095 4917 
2096 4926 
2097 4522 
2098 4951 
2099 5000 
2100 4949 
2101 4921 
2102 4351 4808 
2103 4659 
2104 4847 
2105 4671 
2106 4986 
2107 4398 
2108 4930 
2109 4758 
2110 4659 
2111 4854 
2112 4991 
2113 4416 
2114 4863 
2115 4070 
2116 4926 
2117 4995 
2118 4847 
2119 4847 
2120 4989 
2121 4865 
2122 4973 
2123 4985 
2124 4351 
2125 3987 
2126 4977 
2127 4858 
2128 4973 
2129 4954 
2130 4993 
2131 4847 
2132 4680 
2133 4977 
2134 4475 
2135 4813 
2136 4981 
2137 4786 
2138 4897 
2139 4865 
2140 4907 
2141 4948 
2142 4877 
2143 4786 
2144 4933 
2145 4758 
2146 4948 
2147 4917 
2148 4521 
2149 4524 
2150 4824 
2151 4949 
2152 4972 
2153 4850 
2154 4994 
2155 4990 
2156 4917 
2157 4846 
2158 4994 
2159 4938 
2160 4920 
2161 4906 
2162 4858 
2163 4953 
2164 4699 
2165 4890 
2166 4977 4917 
2167 4956 
2168 4954 
2169 4854 
2170 4846 
2171 4850 
2172 4813 
2173 4877 
2174 4699 4771 
2175 4982 
2176 4999 
2177 4899 
2178 4744 
2179 4524 
2180 4887 
2181 4907 
2182 4930 
2183 4465 
2184 4980 
2185 4849 
2186 4960 
2187 4629 
2188 4985 
2189 4954 
2190 4977 4869 
2191 4824 4980 
2192 4926 
2193 4989 
2194 4926 
2195 4969 
2196 4332 
2197 4920 
2198 4707 
2199 4659 
2200 4899 
2201 4931 
2202 4967 
2203 4813 
2204 4528 
2205 4931 
2206 4755 
2207 4933 
2208 4932 
2209 4975 
2210 4070 
2211 4948 
2212 4999 
2213 4865 
2214 4695 
2215 4955 
2216 4926 
2217 4994 
2218 4859 
2219 4899 
2220 4957 
2221 4890 4985 
2222 4899 
2223 4758 
2224 4932 
2225 4965 
2226 4854 
2227 4921 
2228 4707 
2229 4920 
2230 4965 
2231 4904 
2232 4070 
2233 4849 
2234 4955 
2235 4475 
2236 4973 
2237 4659 
2238 4982 
2239 4659 
2240 4850 
2241 4593 
2242 4967 
2243 4850 
2244 4931 
2245 4921 
2246 4949 
2247 4671 
2248 4938 
2249 4890 4982 
2250 4912 
2251 4184 
2252 3970 
2253 4911 
2254 4869 
2255 4897 
2256 4911 
2257 4986 
2258 4958 4899 
2259 4858 
2260 4911 
2261 4864 
2262 4964 
2263 4917 
2264 4985 
2265 4416 
2266 4948 
2267 4930 
2268 4973 
2269 4847 
2270 4982 
2271 3983 
2272 4991 
2273 4986 
2274 4965 
2275 4877 
2276 4522 
2277 4995 
2278 4948 
2279 4953 
2280 4919 
2281 4850 
2282 4524 
2283 4647 
2284 4831 
2285 4659 
2286 4989 
2287 4975 
2288 4897 
2289 4958 
2290 4761 
2291 4847 
2292 4671 
2293 4956 
2294 4912 
2295 4560 4906 
2296 4982 
2297 4831 
2298 4522 
2299 4960 
2300 4907 
2301 4957 
2302 4971 
2303 4953 
2304 4859 
2305 4846 
2306 4758 
2307 4989 
2308 4854 
2309 4949 
2310 4930 
2311 4990 
2312 4824 
2313 4953 4965 
2314 4943 
2315 4979 
2316 4971 
2317 4949 
2318 4965 
2319 4890 
2320 4946 
2321 4759 
2322 4863 
2323 4954 
2324 4972 
2325 4865 
2326 4858 
2327 4954 
2328 4992 
2329 4958 
2330 4981 
2331 4982 
2332 4964 
2333 4771 
2334 4727 
2335 4695 
2336 4184 
2337 4969 
2338 4954 
2339 4954 
2340 4943 4863 4858 
2341 4863 
2342 4863 
2343 4953 
2344 4971 
2345 4938 
2346 4398 
2347 4906 
2348 4965 
2349 4769 
2350 4911 
2351 4995 
2352 4786 
2353 4659 
2354 4930 
2355 4184 
2356 4744 
2357 4735 
2358 4993 
2359 4926 
2360 4979 
2361 4659 
2362 4982 4986 
2363 4906 
2364 4808 
2365 4831 4999 
2366 4926 
2367 4967 
2368 4771 
2369 4946 
2370 4938 
2371 4850 4863 4906 
2372 4956 
2373 3987 
2374 4070 
2375 4351 
2376 4989 
2377 4926 
2378 4906 
2379 4921 
2380 4926 
2381 4919 
2382 4783 
2383 4949 
2384 4967 
2385 4869 
2386 4661 
2387 4863 
2388 4995 
2389 4398 
2390 4695 
2391 4850 
2392 4979 
2393 4528 
2394 3961 
2395 4744 
2396 4907 
2397 4769 
2398 4847 
2399 4985 
2400 4960 
2401 4758 
2402 4980 
2403 4946 
2404 3983 
2405 4858 
2406 4972 
2407 4958 
2408 4951 
2409 4636 
2410 4989 
2411 4931 
2412 4906 
2413 4966 
2414 4967 
2415 4865 
2416 4955 
2417 4985 
2418 4999 
2419 4600 
2420 4560 
2421 4938 
2422 4982 
2423 4948 
2424 4866 
2425 4967 
2426 4890 
2427 4951 
2428 4877 
2429 4824 
2430 4813 
2431 4869 
2432 4897 
2433 4859 
2434 4786 
2435 4986 
2436 4953 
2437 4994 4906 
2438 4864 
2439 4982 
2440 4332 
2441 4994 
2442 4990 
2443 4987 
2444 4744 
2445 4920 
2446 4863 
2447 4957 
2448 4847 
2449 4890 
2450 4955 
2451 4398 
2452 4332 
2453 4938 
2454 4587 
2455 4786 4957 
2456 4951 
2457 4615 4930 
2458 4969 
2459 4990 
2460 4954 
2461 4424 
2462 4890 
2463 4930 
2464 4906 
2465 4957 
2466 4680 
2467 4847 
2468 4958 
2469 4953 4849 
2470 4985 
2471 4863 
2472 4992 
2473 4890 
2474 4917 
2475 4600 
2476 4958 
2477 4999 
2478 4926 
2479 4615 4897 4695 
2480 4865 
2481 4991 
2482 4813 4899 
2483 4735 
2484 4659 
2485 4899 
2486 4951 
2487 4819 
2488 4932 
2489 4897 
2490 4849 
2491 4728 
2492 4847 
2493 4824 
2494 4735 
2495 4647 
2496 4933 
2497 4948 
2498 4831 
2499 4819 
2500 4863 4819 
2501 4521 
2502 4528 
2503 4920 
2504 4424 
2505 4938 
2506 4863 
2507 4953 
2508 4786 
2509 4638 
2510 4475 
2511 4755 
2512 4680 
2513 4890 
2514 4636 
2515 4671 
2516 4930 
2517 4707 
2518 4859 
2519 4416 
2520 4744 
2521 4931 
2522 4831 
2523 4755 
2524 4986 
2525 4966 
2526 4975 
2527 5000 
2528 4560 
2529 4932 
2530 4808 
2531 4865 
2532 4786 
2533 4831 
2534 4911 
2535 4906 
2536 4949 
2537 4971 
2538 4695 
2539 4769 
2540 3983 
2541 3987 
2542 4728 4351 
2543 4954 
2544 4877 
2545 4989 
2546 4593 
2547 4850 
2548 4859 
2549 4524 
2550 4926 
2551 4890 
2552 4985 
2553 4831 
2554 5000 
2555 4904 
2556 4863 
2557 4849 
2558 4964 
2559 3987 
2560 4977 
2561 4906 4695 
2562 4755 
2563 4887 4957 
2564 4967 
2565 4972 
2566 4864 
2567 4398 
2568 4833 
2569 4977 
2570 4629 
2571 4930 
2572 4912 
2573 4990 
2574 4897 4865 
2575 4528 
2576 4933 
2577 4332 4676 
2578 4967 
2579 4761 
2580 4956 
2581 4993 
2582 4920 
2583 4869 
2584 4659 
2585 4938 
2586 4973 
2587 4972 4965 
2588 4931 
2589 4954 
2590 4824 4890 
2591 4982 
2592 4786 
2593 4985 
2594 4824 
2595 4932 
2596 5000 
2597 4824 
2598 4956 
2599 4638 
2600 4907 
2601 4943 
2602 4958 
2603 4953 
2604 4943 
2605 4982 
2606 4475 
2607 4735 
2608 4758 
2609 4332 
2610 4986 
2611 4967 
2612 4863 
2613 4930 
2614 4981 
2615 4863 
2616 4926 
2617 4977 
2618 4864 
2619 4975 
2620 4783 4951 
2621 4995 
2622 4863 
2623 4967 
2624 4906 
2625 4965 
2626 4759 
2627 4980 
2628 4964 
2629 4992 
2630 4833 
2631 4982 
2632 4960 
2633 4638 
2634 4833 
2635 4808 
2636 4831 
2637 4824 
2638 4917 
2639 4986 
2640 4985 
2641 4985 
2642 4965 
2643 4990 
2644 4906 
2645 4943 4977 
2646 4897 
2647 4759 
2648 4865 
2649 4824 4932 
2650 4969 
2651 4707 
2652 4859 4994 
2653 4930 
2654 4972 
2655 4755 
2656 4070 
2657 4948 
2658 4957 
2659 3961 
2660 4948 
2661 4958 4999 
2662 4904 
2663 4930 
2664 4813 
2665 4629 
2666 4958 
2667 4758 
2668 4980 3983 
2669 4985 
2670 4965 
2671 4907 4786 
2672 4967 
2673 4919 
2674 4986 
2675 4847 
2676 4647 
2677 4831 4907 
2678 3987 
2679 4854 
2680 4831 4993 
2681 4977 
2682 4887 
2683 4917 
2684 4854 
2685 4953 
2686 4906 
2687 4899 
2688 4638 
2689 4755 
2690 3961 
2691 4953 4926 4528 
2692 4948 
2693 4897 
2694 4958 
2695 4744 
2696 4636 
2697 4808 
2698 4831 
2699 4930 
2700 4946 
2701 4824 
2702 4600 
2703 5000 
2704 4676 
2705 4995 
2706 4744 
2707 4986 
2708 4629 
2709 4863 
2710 4993 
2711 4869 
2712 4858 
2713 4661 4864 
2714 4858 
2715 4833 
2716 4989 
2717 4865 
2718 4971 
2719 4985 
2720 4866 
2721 3970 
2722 4958 
2723 4957 
2724 4824 
2725 4521 
2726 4600 4981 
2727 4824 
2728 4949 
2729 4949 
2730 4695 4676 
2731 4850 
2732 4906 
2733 4958 
2734 4671 
2735 4866 
2736 4973 
2737 4890 
2738 4831 
2739 4416 
2740 4912 
2741 4813 
2742 4967 
2743 4967 
2744 4833 
2745 4869 
2746 4948 
2747 4975 
2748 3987 4955 
2749 4332 
2750 4897 
2751 4869 
2752 4661 
2753 4858 4967 
2754 4865 
2755 4351 
2756 4964 
2757 4849 
2758 4850 
2759 4858 
2760 4986 
2761 4863 
2762 4865 
2763 4938 
2764 4070 
2765 4854 
2766 4958 
2767 4424 4946 
2768 4759 
2769 4659 
2770 4964 
2771 4126 
2772 4824 
2773 4528 
2774 4671 
2775 4416 
2776 4967 
2777 4985 
2778 4986 
2779 4661 
2780 4911 
2781 4985 
2782 4986 
2783 4332 
2784 4972 
2785 4587 
2786 4953 
2787 4979 
2788 4931 
2789 4813 
2790 4986 
2791 4926 
2792 4424 
2793 4943 
2794 4833 
2795 4932 4954 
2796 4980 
2797 4899 
2798 4890 4877 
2799 4931 
2800 4938 
2801 4070 
2802 4864 
2803 4615 
2804 4833 
2805 4979 
2806 4987 
2807 4524 
2808 4899 
2809 4758 
2810 4949 
2811 4920 
2812 4887 
2813 4958 
2814 4863 
2815 4987 
2816 4956 
2817 4755 
2818 5000 
2819 4833 
2820 4953 
2821 4982 
2822 4986 
2823 4890 
2824 4946 
2825 4332 
2826 4647 
2827 4904 
2828 4979 
2829 4949 
2830 4813 
2831 4985 4975 
2832 4728 
2833 4951 
2834 4967 
2835 4949 4911 
2836 4858 4659 
2837 4946 
2838 4636 
2839 4938 
2840 4877 
2841 5000 
2842 4930 
2843 4671 
2844 4995 
2845 3970 4946 
2846 3961 
2847 4964 
2848 4831 
2849 4969 
2850 4965 
2851 4647 4954 
2852 4943 
2853 4989 
2854 4971 
2855 4865 
2856 4755 4863 
2857 4975 
2858 4728 4951 
2859 4948 
2860 4629 
2861 3970 
2862 4981 
2863 4850 
2864 4971 
2865 4917 
2866 4907 
2867 4866 4960 
2868 4960 
2869 4824 4659 
2870 4930 
2871 4695 
2872 4986 
2873 4755 
2874 4858 
2875 4890 4954 
2876 4907 
2877 4958 
2878 4707 
2879 4949 
2880 3970 
2881 4890 
2882 4990 
2883 4786 
2884 4813 
2885 4890 4971 
2886 4659 4971 4932 
2887 4972 
2888 4967 
2889 4676 
2890 4953 
2891 4833 
2892 4890 
2893 4890 
2894 4521 4958 
2895 4859 
2896 4755 
2897 4917 
2898 4859 
2899 4850 
2900 4987 
2901 4985 4831 4954 
2902 4958 
2903 4957 
2904 4949 
2905 4938 
2906 4966 
2907 4865 4906 
2908 3970 
2909 4969 
2910 4921 
2911 4824 4831 4917 4864 
2912 4967 
2913 4755 
2914 4819 4943 4990 
2915 4507 
2916 4995 
2917 4676 
2918 4971 
2919 4522 
2920 4416 4727 4465 
2921 4847 
2922 4858 
2923 4771 
2924 4965 
2925 4744 
2926 4972 
2927 4671 
2928 4953 
2929 4863 
2930 4911 
2931 4972 
2932 4866 
2933 4863 
2934 5000 4972 
2935 4954 
2936 4985 
2937 4985 
2938 4906 
2939 4946 
2940 4813 
2941 4993 
2942 3983 
2943 4699 4771 
2944 4930 
2945 4707 
2946 4744 
2947 4985 4971 4957 
2948 4744 
2949 4808 
2950 4926 
2951 4971 4865 4938 
2952 4761 
2953 4971 
2954 4824 
2955 4833 
2956 4695 
2957 4859 
2958 4967 
2959 4833 
2960 4769 
2961 4744 
2962 4833 
2963 4850 
2964 4728 
2965 4960 
2966 4735 
2967 4906 
2968 4965 
2969 5000 
2970 4957 
2971 4957 
2972 4769 
2973 4953 
2974 4890 
2975 4987 
2976 4982 
2977 4849 
2978 4864 
2979 4921 
2980 4755 
2981 4989 
2982 4522 
2983 4759 
2984 4676 4951 
2985 4989 
2986 4727 
2987 4985 
2988 4847 
2989 4904 
2990 4967 
2991 4938 
2992 4971 
2993 4964 4971 4907 
2994 5000 4971 
2995 4949 
2996 4661 
2997 4606 
2998 4755 
2999 4727 
3000 4850 
3001 4866 
3002 4522 
3003 4671 
3004 4769 
3005 4987 
3006 4951 
3007 4659 
3008 4993 
3009 4676 
3010 4606 
3011 4954 
3012 4890 
3013 4890 
3014 4986 
3015 4890 
3016 4907 
3017 4977 
3018 4351 
3019 4977 
3020 4957 
3021 4866 
3022 4930 4932 4931 
3023 4987 
3024 4957 
3025 4897 
3026 4783 
3027 4863 
3028 4994 
3029 4953 
3030 4920 4954 
3031 4958 
3032 4897 
3033 4897 
3034 4865 
3035 4938 
3036 4865 
3037 4846 
3038 4416 
3039 4990 
3040 4906 
3041 4833 
3042 4953 
3043 4926 
3044 4954 
3045 4972 
3046 4964 
3047 4954 
3048 4955 
3049 4972 
3050 4824 
3051 4985 
3052 4524 
3053 4783 
3054 4973 
3055 4977 
3056 4981 
3057 4671 
3058 4972 
3059 4994 
3060 4699 4771 
3061 4833 
3062 4786 
3063 4863 
3064 4946 
3065 4593 
3066 4869 
3067 4957 
3068 4946 
3069 4831 
3070 4615 
3071 4969 
3072 5000 
3073 4865 4735 4956 
3074 4912 
3075 4982 
3076 4990 3987 4744 
3077 4824 
3078 4992 
3079 4946 
3080 4943 4975 
3081 4813 
3082 4863 
3083 4676 
3084 4951 
3085 4465 
3086 4911 
3087 4958 
3088 3970 
3089 4990 
3090 4833 
3091 4921 
3092 4786 
3093 4863 
3094 4958 
3095 4728 
3096 4695 4863 
3097 4824 
3098 4967 
3099 4938 
3100 4070 
3101 4890 
3102 4824 
3103 4332 
3104 4973 
3105 4808 
3106 4824 
3107 4990 
3108 4465 
3109 4824 
3110 4824 
3111 4912 
3112 4989 
3113 4522 
3114 4847 
3115 4819 
3116 4755 
3117 4707 
3118 4953 
3119 4938 
3120 4727 
3121 4831 
3122 4629 
3123 4699 
3124 4849 
3125 4964 
3126 4999 
3127 4758 
3128 4926 
3129 4416 
3130 4958 
3131 4930 
3132 4560 
3133 4771 
3134 4938 
3135 4126 
3136 4744 
3137 4858 
3138 4991 
3139 4951 
3140 4126 
3141 4824 
3142 4985 
3143 4890 
3144 4943 
3145 4951 
3146 4949 4593 4332 
3147 4985 
3148 4985 
3149 3987 
3150 4846 
3151 4332 
3152 4977 
3153 4699 4771 
3154 4863 
3155 4946 
3156 4424 
3157 4986 
3158 4955 
3159 4859 
3160 4744 
3161 4850 
3162 4949 
3163 4863 
3164 4920 
3165 4847 
3166 4786 4967 4932 
3167 4921 
3168 4808 
3169 4955 
3170 4955 
3171 4906 
3172 4926 
3173 4906 
3174 4833 
3175 4727 
3176 4528 4917 
3177 4930 
3178 4980 
3179 4647 
3180 4987 
3181 4887 
3182 4786 
3183 4070 
3184 4808 
3185 4507 4912 
3186 4912 
3187 4969 
3188 4854 
3189 4993 
3190 4911 
3191 4636 4954 4332 
3192 4921 
3193 4919 
3194 4912 
3195 4955 
3196 4906 
3197 4465 
3198 4912 
3199 4659 
3200 4920 4975 4956 
3201 4973 
3202 4972 4907 4977 
3203 4981 
3204 4977 
3205 4943 
3206 4847 
3207 4759 
3208 4661 
3209 4890 
3210 4699 
3211 4965 
3212 4786 
3213 4850 
3214 4869 4964 
3215 4755 
3216 4859 
3217 4528 
3218 4465 
3219 4977 
3220 4865 
3221 4932 
3222 4960 
3223 4813 
3224 4858 
3225 4967 
3226 4899 
3227 4992 4866 4985 
3228 4932 
3229 4977 
3230 4606 
3231 4938 
3232 4854 
3233 4992 
3234 4990 
3235 4707 4824 4973 
3236 4953 
3237 4931 
3238 4897 
3239 4865 
3240 4521 
3241 4831 
3242 4865 
3243 4819 
3244 4864 
3245 4524 
3246 4999 
3247 4957 
3248 4949 
3249 4979 
3250 4416 
3251 4850 
3252 4758 
3253 4728 
3254 4946 
3255 4980 
3256 4819 
3257 4964 
3258 4990 
3259 4938 
3260 4946 4981 
3261 4926 
3262 4948 
3263 4858 
3264 4846 
3265 4897 
3266 4960 
3267 4744 
3268 4847 
3269 4954 4659 
3270 4847 
3271 4994 
3272 4560 
3273 4659 
3274 4744 
3275 4989 
3276 4899 
3277 4819 
3278 4938 
3279 4957 
3280 4919 
3281 4560 
3282 4971 
3283 4993 4946 
3284 4971 
3285 4858 
3286 4954 
3287 4958 
3288 4967 
3289 4858 
3290 4587 
3291 4917 
3292 4755 
3293 5000 
3294 4965 
3295 4735 
3296 4831 
3297 4953 
3298 4858 
3299 4932 
3300 4887 
3301 4813 4985 4932 
3302 4728 
3303 4982 
3304 4416 
3305 4846 
3306 4912 4728 
3307 4897 
3308 4897 4946 
3309 4920 4955 
3310 4824 
3311 4522 
3312 4958 
3313 4946 
3314 4475 
3315 4680 
3316 4946 
3317 4744 
3318 4965 
3319 4958 
3320 4960 
3321 4850 
3322 4986 
3323 4971 
3324 4930 
3325 4824 
3326 4831 
3327 4956 4999 
3328 4954 
3329 4695 
3330 4877 
3331 4783 
3332 4957 
3333 4744 
3334 4977 
3335 4629 
3336 4850 
3337 4600 
3338 4728 
3339 4600 
3340 4786 
3341 4824 
3342 4994 
3343 4600 
3344 4964 
3345 4972 4351 
3346 4906 4813 
3347 4847 
3348 4975 
3349 4899 
3350 4475 
3351 4994 
3352 4859 
3353 4990 
3354 4994 4819 4982 
3355 4994 
3356 4890 
3357 4755 
3358 4981 
3359 4863 
3360 4865 
3361 4949 
3362 4858 
3363 4972 
3364 4890 
3365 4850 
3366 4126 
3367 4954 
3368 4972 
3369 4659 
3370 4965 
3371 4994 
3372 4858 4948 
3373 4933 
3374 4824 
3375 4930 
3376 4824 
3377 4955 
3378 4951 
3379 4960 
3380 3987 
3381 4859 
3382 4869 
3383 4524 
3384 4890 
3385 4727 
3386 4969 
3387 4866 
3388 4954 
3389 4967 
3390 4727 
3391 3970 
3392 4906 
3393 4953 
3394 3961 
3395 4783 
3396 4946 
3397 4858 
3398 4695 
3399 4866 
3400 4921 
3401 4906 
3402 4507 
3403 4958 
3404 4906 
3405 4758 
3406 4695 
3407 4967 4744 4993 
3408 4695 
3409 4659 
3410 4859 
3411 4593 
3412 4953 
3413 4859 4465 4938 4890 
3414 4964 4184 4960 
3415 4831 
3416 4972 
3417 4975 
3418 4985 
3419 4865 
3420 4859 
3421 4863 
3422 4986 4990 
3423 4917 
3424 3983 
3425 4964 
3426 4866 
3427 4972 
3428 4849 
3429 4906 
3430 4758 
3431 4587 
3432 4735 
3433 4985 
3434 4865 
3435 4833 
3436 4977 
3437 4994 
3438 4907 
3439 4966 
3440 4972 
3441 4986 
3442 4921 
3443 4398 
3444 4938 
3445 4831 
3446 4982 4899 4917 
3447 4659 
3448 4946 
3449 4824 
3450 4954 
3451 4965 
3452 4847 
3453 4866 
3454 4858 
3455 4728 
3456 4930 
3457 4863 
3458 4989 
3459 4786 
3460 4184 
3461 4465 
3462 4948 
3463 4986 
3464 4977 
3465 4680 
3466 4930 
3467 4926 
3468 4507 
3469 4957 
3470 4833 
3471 4769 
3472 4986 4813 3987 
3473 4975 
3474 4985 
3475 4995 
3476 4890 
3477 4986 
3478 4979 
3479 4912 
3480 4761 
3481 4847 
3482 4735 
3483 4971 
3484 4964 
3485 4949 
3486 4351 
3487 4965 
3488 4989 
3489 4593 4600 4957 
3490 4184 
3491 4507 
3492 4972 
3493 4994 
3494 4946 
3495 4932 
3496 4972 4995 4695 
3497 4986 4980 
3498 4967 
3499 4920 
3500 4759 
3501 4847 
3502 4949 
3503 4847 
3504 4904 
3505 4849 
3506 4863 
3507 3961 
3508 4735 4887 
3509 4897 
3510 4912 
3511 4424 
3512 3970 
3513 4869 
3514 4786 
3515 4990 
3516 4707 
3517 4831 
3518 4980 
3519 4819 
3520 4992 
3521 4991 
3522 4990 
3523 4647 4847 4999 
3524 4919 
3525 4953 
3526 4949 
3527 4890 
3528 4865 
3529 4707 
3530 4897 4953 4951 
3531 4986 
3532 4906 
3533 4866 
3534 4986 4982 4695 
3535 4416 
3536 4755 4982 4904 
3537 4981 4987 
3538 4629 
3539 4917 
3540 4659 
3541 4659 
3542 4528 
3543 4636 
3544 4971 
3545 4758 
3546 4858 
3547 4808 
3548 4999 
3549 4969 
3550 4859 
3551 4659 
3552 4985 
3553 4783 
3554 4865 
3555 4985 
3556 4990 
3557 4912 
3558 4973 
3559 4982 
3560 4949 
3561 4850 
3562 4972 
3563 4943 
3564 4965 
3565 4847 
3566 4859 
3567 4926 4864 
3568 4676 
3569 4993 
3570 4877 
3571 4907 
3572 4981 
3573 4755 
3574 4863 
3575 4999 
3576 4507 
3577 4744 
3578 4859 
3579 4332 
3580 4728 
3581 4831 
3582 4972 
3583 4813 
3584 3983 
3585 4606 
3586 4946 4958 
3587 4819 
3588 4992 
3589 4921 4954 
3590 4507 
3591 4863 4899 4833 
3592 4755 4967 4744 
3593 4887 
3594 4877 
3595 4991 
3596 4960 
3597 4985 4680 4783 
3598 4887 4975 
3599 3987 
3600 4332 
3601 4904 
3602 4975 
3603 4938 
3604 4887 
3605 4990 
3606 4659 
3607 4987 
3608 4926 4911 4972 
3609 4863 
3610 4831 4786 4960 
3611 4465 
3612 4965 
3613 4926 
3614 4847 
3615 4831 
3616 4994 
3617 4758 
3618 4956 
3619 4831 
3620 4917 
3621 4965 4869 
3622 4850 
3623 4938 
3624 4831 
3625 4981 
3626 4659 
3627 4897 
3628 4967 
3629 4755 
3630 4659 
3631 4990 
3632 4758 
3633 4985 
3634 4847 
3635 4744 
3636 4926 
3637 4890 
3638 4866 
3639 4416 
3640 4994 4416 4786 
3641 4398 
3642 4943 
3643 4921 
3644 4994 
3645 4744 
3646 4416 
3647 4975 
3648 4930 
3649 4975 
3650 4824 
3651 4676 4897 4728 
3652 4786 
3653 4824 
3654 4991 
3655 4993 
3656 4982 
3657 4951 
3658 4957 
3659 4973 
3660 4899 4982 
3661 4965 
3662 4920 
3663 4953 
3664 4864 
3665 4965 
3666 3983 
3667 4946 
3668 3983 
3669 4850 
3670 4906 
3671 4967 
3672 4786 
3673 4755 
3674 4949 
3675 4987 4351 4994 
3676 4850 
3677 4831 
3678 4865 
3679 4863 
3680 4897 4761 4969 
3681 4847 
3682 4899 
3683 4475 
3684 4887 
3685 4971 
3686 4864 
3687 4951 
3688 4946 
3689 4906 
3690 4980 4676 
3691 4990 
3692 4990 
3693 4930 
3694 4813 
3695 4859 
3696 4930 
3697 4930 
3698 4946 
3699 4850 3970 4351 
3700 4951 
3701 4744 4833 4897 
3702 4735 
3703 4070 
3704 4769 
3705 4921 
3706 4972 
3707 4932 
3708 4907 
3709 4416 
3710 4930 
3711 4951 
3712 4992 
3713 4931 
3714 4593 
3715 4920 
3716 4332 
3717 4676 
3718 4524 
3719 4728 
3720 4819 
3721 4933 4930 4995 
3722 4946 
3723 4846 
3724 4917 
3725 4865 
3726 4967 
3727 4680 
3728 4943 4647 4960 
3729 4960 
3730 4946 
3731 4699 4771 
3732 4528 
3733 4989 
3734 4938 
3735 4735 
3736 3970 
3737 4951 
3738 4920 
3739 4912 
3740 4985 
3741 4819 
3742 4859 4912 4926 
3743 4126 
3744 4954 
3745 4972 
3746 4967 4866 4695 
3747 4887 4985 
3748 4985 
3749 4912 
3750 4992 
3751 4416 
3752 4938 
3753 4985 
3754 4964 
3755 4897 
3756 4671 
3757 4398 4971 
3758 4987 
3759 4890 
3760 4911 
3761 4863 
3762 4943 4475 
3763 4813 
3764 4907 
3765 4906 
3766 4854 
3767 4975 
3768 4593 
3769 4917 
3770 4890 
3771 4865 
3772 4919 
3773 4659 
3774 4854 
3775 4850 
3776 4831 
3777 4995 
3778 4761 
3779 4926 4906 4917 
3780 4932 
3781 4755 
3782 4858 
3783 4958 
3784 4987 
3785 4990 
3786 4846 
3787 4528 
3788 4600 
3789 4735 
3790 4930 4912 4858 
3791 4890 
3792 4897 
3793 4949 
3794 4846 
3795 4930 
3796 4966 
3797 4744 
3798 4786 
3799 4986 
3800 4921 
3801 4629 
3802 4954 4351 
3803 4755 
3804 4938 
3805 4824 
3806 4975 
3807 4735 
3808 4995 
3809 4938 
3810 4786 
3811 4755 
3812 4994 
3813 4969 
3814 4954 4890 4416 
3815 4865 
3816 4847 
3817 4866 4859 4973 
3818 4948 
3819 4958 
3820 4967 
3821 4699 4771 
3822 3970 
3823 4932 
3824 4521 
3825 4930 
3826 4971 
3827 4980 
3828 4967 
3829 4999 
3830 3983 
3831 4917 
3832 4930 
3833 4990 
3834 4671 
3835 4980 
3836 4932 
3837 4850 
3838 4953 
3839 4957 
3840 4957 
3841 4786 
3842 4930 
3843 4975 
3844 4849 
3845 4917 
3846 4813 
3847 4967 
3848 4938 
3849 3983 
3850 4926 4758 4999 
3851 4921 
3852 4921 
3853 4671 4992 4951 
3854 4786 
3855 4994 
3856 4847 
3857 4969 
3858 4869 
3859 4957 
3860 4847 4930 4964 
3861 4465 4897 4919 
3862 4695 4847 4351 
3863 4930 
3864 4332 4953 4863 
3865 4917 
3866 4899 
3867 4958 
3868 4831 
3869 4831 
3870 4917 
3871 4972 
3872 4847 
3873 4946 
3874 4865 4676 4859 
3875 4465 
3876 4967 4975 
3877 4977 
3878 4955 
3879 4824 
3880 4938 
3881 4831 
3882 4990 
3883 4981 
3884 4980 
3885 4965 
3886 4755 
3887 4960 
3888 4833 
3889 4890 
3890 4919 
3891 4819 
3892 4587 
3893 4994 
3894 4695 
3895 4755 
3896 4921 
3897 4528 4943 
3898 4980 
3899 4863 
3900 4819 
3901 4863 
3902 4954 
3903 3987 4854 4981 
3904 4854 
3905 4995 
3906 4982 
3907 4858 
3908 4932 
3909 4528 
3910 4824 
3911 4977 
3912 4982 
3913 4897 
3914 4930 
3915 4863 
3916 4332 
3917 4990 
3918 4948 
3919 4416 4938 4992 
3920 4957 
3921 4629 4972 4943 
3922 4858 
3923 4986 
3924 3970 5000 4907 
3925 4808 4744 4398 
3926 4671 
3927 4999 
3928 4980 
3929 4769 
3930 4887 
3931 5000 
3932 4953 
3933 4995 
3934 4398 
3935 4833 
3936 4847 
3937 4184 
3938 4761 
3939 4786 
3940 4824 
3941 4954 
3942 3983 
3943 4972 
3944 4831 
3945 4824 
3946 4758 
3947 4989 
3948 4977 
3949 4985 
3950 4744 4949 4351 
3951 4524 
3952 4629 
3953 4966 
3954 4906 
3955 4948 
3956 4615 4819 4986 
3957 4783 
3958 4969 4973 
3959 4728 
3960 4956 
3961 3961 
3962 4744 
3963 4671 
3964 4992 
3965 4629 
3966 4965 
3967 4475 
3968 4993 
3969 4744 
3970 3970 
3971 4854 
3972 4932 
3973 4938 
3974 4994 
3975 4659 
3976 4786 
3977 4957 
3978 4965 4975 4912 
3979 4985 
3980 4846 
3981 4994 
3982 3983 
3983 3983 
3984 4993 
3985 4986 
3986 4465 
3987 3987 
3988 4912 
3989 4953 
3990 4912 
3991 4991 
3992 4699 
3993 3961 
3994 4560 
3995 4930 
3996 4926 
3997 4985 
3998 5000 
3999 4638 
4000 4956 
4001 4906 
4002 4906 
4003 4528 
4004 4921 
4005 4930 4972 4932 
4006 4416 
4007 4966 
4008 4771 4699 
4009 4824 
4010 4926 
4011 4993 
4012 4695 
4013 4938 
4014 4987 
4015 4864 
4016 4786 
4017 4831 
4018 4659 
4019 4946 
4020 4930 
4021 4985 
4022 4759 
4023 4416 4912 4971 
4024 4965 
4025 4759 
4026 4977 
4027 4424 
4028 4994 
4029 4990 
4030 4897 
4031 4786 
4032 4912 
4033 4647 
4034 4887 
4035 4904 
4036 4967 
4037 4659 
4038 4899 4813 4989 
4039 4969 
4040 4863 4865 4930 
4041 4951 
4042 4897 
4043 3983 
4044 4786 
4045 4850 
4046 4951 
4047 3970 
4048 4744 
4049 4771 
4050 4890 
4051 4465 
4052 4890 4758 4850 
4053 4972 
4054 4921 
4055 4416 
4056 4980 
4057 4971 
4058 4967 
4059 4986 
4060 4863 
4061 4965 
4062 3983 
4063 4824 
4064 4943 
4065 4647 
4066 4833 4930 4877 
4067 4858 
4068 4972 
4069 4858 
4070 4070 
4071 4847 
4072 4969 
4073 4863 
4074 4859 
4075 4850 
4076 4992 
4077 4966 
4078 4917 4858 4991 
4079 4904 
4080 4999 
4081 4859 
4082 4964 
4083 4920 
4084 4965 4917 4958 
4085 4707 
4086 4636 
4087 4933 
4088 4854 4953 4831 
4089 4981 
4090 4938 
4091 4899 
4092 4948 
4093 4982 
4094 4897 4921 4904 
4095 4744 
4096 4911 
4097 4897 
4098 4522 
4099 4980 
4100 4992 
4101 4993 
4102 4831 
4103 4932 
4104 4850 
4105 4847 
4106 4899 
4107 4932 4587 
4108 4786 
4109 4932 
4110 4951 4966 4858 
4111 4847 
4112 4744 
4113 4949 
4114 4986 4921 4958 
4115 4600 
4116 4980 
4117 4930 
4118 4972 
4119 4877 
4120 4524 
4121 4813 
4122 4957 
4123 4636 
4124 4990 
4125 4943 
4126 4126 
4127 4956 
4128 4560 
4129 4921 
4130 4507 
4131 4967 4416 4865 
4132 4994 
4133 4659 
4134 4850 3983 4819 
4135 4956 
4136 4890 
4137 4930 4126 4695 
4138 4994 
4139 4863 
4140 4967 
4141 4676 4424 
4142 4965 
4143 4949 
4144 4615 
4145 4907 
4146 4969 4522 4351 
4147 4849 
4148 4587 
4149 4972 
4150 3983 
4151 4973 
4152 4906 4982 
4153 4636 
4154 4475 
4155 4943 
4156 4957 
4157 4985 4659 4831 
4158 4761 
4159 4890 
4160 4954 
4161 4990 
4162 4671 
4163 4931 4831 4866 
4164 4948 
4165 4986 
4166 4771 4850 4699 4982 
4167 4932 
4168 4955 
4169 4920 4951 4991 
4170 4990 
4171 4991 
4172 4758 
4173 4865 
4174 4986 
4175 4859 4351 4982 
4176 4946 
4177 4659 
4178 4351 
4179 4850 
4180 4850 
4181 4981 
4182 4938 
4183 4606 
4184 4184 
4185 4992 
4186 4920 
4187 4659 
4188 4949 
4189 4863 
4190 4921 
4191 4858 
4192 4507 
4193 4904 
4194 4847 
4195 4638 
4196 4965 
4197 4926 
4198 4786 4985 4982 
4199 4727 
4200 4351 
4201 4992 
4202 4946 
4203 4954 4863 4938 
4204 4969 4981 4528 
4205 4989 
4206 4990 
4207 4819 
4208 4859 
4209 4615 
4210 4850 
4211 4926 4593 4991 
4212 4960 
4213 4744 
4214 4786 
4215 4351 
4216 4955 
4217 4979 
4218 4863 
4219 4971 
4220 4465 
4221 4332 4966 4831 
4222 4964 
4223 4606 
4224 4964 
4225 4917 
4226 4946 
4227 4507 
4228 4897 
4229 4964 
4230 4971 
4231 4982 
4232 4921 
4233 4926 
4234 4991 
4235 4926 
4236 4967 
4237 4938 
4238 4986 
4239 4659 
4240 5000 
4241 4949 
4242 4919 
4243 4865 
4244 4930 
4245 4957 
4246 4965 
4247 4993 
4248 4755 
4249 4946 
4250 4759 
4251 4931 
4252 4949 
4253 4993 
4254 4994 
4255 4636 
4256 4877 
4257 4906 
4258 4587 
4259 4761 
4260 4897 4865 3970 
4261 4948 
4262 4980 
4263 4920 
4264 4659 
4265 4979 
4266 4993 
4267 4985 
4268 4953 
4269 4615 
4270 4920 
4271 4969 
4272 4926 
4273 4995 4964 4966 
4274 4972 
4275 4507 
4276 4975 
4277 4671 
4278 4949 
4279 4755 
4280 4977 4587 4761 
4281 4975 
4282 4917 4629 4398 
4283 4955 
4284 4921 
4285 4847 
4286 4930 
4287 4912 
4288 4699 4990 4771 5000 
4289 4994 
4290 4979 
4291 4953 
4292 4985 
4293 4979 
4294 4975 
4295 4994 
4296 4960 
4297 4416 
4298 4744 
4299 4332 
4300 4507 
4301 4904 
4302 4761 
4303 4964 
4304 4938 
4305 4831 4948 4416 
4306 4593 
4307 4954 
4308 4819 4980 4921 
4309 4932 
4310 4969 
4311 4865 
4312 4958 
4313 4953 
4314 4982 
4315 4921 
4316 4971 
4317 4949 
4318 4858 
4319 4351 4986 4771 
4320 4813 
4321 4979 
4322 4744 
4323 4819 4522 4948 
4324 4831 
4325 4786 
4326 4184 
4327 4671 4969 4629 
4328 4863 
4329 4965 4949 4671 
4330 4938 
4331 4985 
4332 4332 
4333 4755 4960 4919 
4334 4948 
4335 4948 
4336 4906 
4337 4465 
4338 4965 
4339 4906 
4340 4953 
4341 4930 
4342 4980 
4343 4965 
4344 4946 
4345 4859 
4346 4858 
4347 4954 
4348 4680 
4349 4912 
4350 4890 4824 4917 
4351 4351 
4352 4865 
4353 4850 
4354 4783 
4355 4971 
4356 4824 
4357 4981 
4358 4912 
4359 4979 
4360 4989 
4361 4980 4869 4969 
4362 4831 
4363 4351 
4364 4755 
4365 4982 
4366 4932 4972 4999 
4367 4938 
4368 4897 
4369 4846 
4370 4863 
4371 4938 
4372 4957 
4373 4932 
4374 4524 
4375 4727 
4376 4854 
4377 5000 
4378 4744 
4379 4475 
4380 4846 
4381 4659 
4382 4671 
4383 4758 
4384 4728 
4385 4972 4980 4973 
4386 4982 
4387 4953 
4388 4824 
4389 4865 
4390 4398 
4391 4863 
4392 4912 4992 4771 
4393 4866 
4394 4966 
4395 4917 4967 4986 
4396 4676 
4397 4680 
4398 4398 
4399 4824 
4400 4671 
4401 4680 
4402 4995 
4403 4783 
4404 4475 
4405 4973 
4406 4911 
4407 4833 
4408 4524 4522 4957 
4409 4786 4949 4982 
4410 4955 
4411 4981 
4412 4992 
4413 4727 
4414 4938 
4415 4847 
4416 4416 
4417 4890 
4418 4659 
4419 4930 4995 4906 
4420 4911 
4421 4865 
4422 4986 
4423 4990 
4424 4424 
4425 4966 
4426 4954 
4427 4819 
4428 4824 
4429 4847 
4430 4906 
4431 4971 
4432 4465 
4433 4831 
4434 4850 
4435 4949 
4436 5000 
4437 4964 
4438 4849 
4439 4890 
4440 4847 
4441 4522 
4442 4994 
4443 4847 
4444 4819 
4445 4957 
4446 4957 
4447 4999 
4448 4967 
4449 4671 
4450 4865 4847 4890 
4451 4964 4638 4524 
4452 4912 
4453 4890 
4454 4917 
4455 4994 
4456 4887 
4457 4966 
4458 4659 
4459 4906 
4460 4985 
4461 4957 
4462 4866 4980 4972 
4463 4758 
4464 4735 
4465 4465 
4466 4930 
4467 4593 4955 4850 
4468 4951 
4469 4948 
4470 4847 
4471 4847 
4472 4977 4906 4954 
4473 4759 
4474 4859 
4475 4475 
4476 4951 
4477 4906 
4478 4995 
4479 4587 4954 4676 
4480 4965 
4481 4695 
4482 4960 
4483 4926 
4484 4926 
4485 4995 4831 4964 4906 
4486 4949 
4487 4659 
4488 4907 
4489 4528 
4490 4932 
4491 4971 
4492 4847 
4493 4964 
4494 4727 
4495 4864 
4496 4771 4699 
4497 4846 
4498 4676 4955 4917 
4499 4866 
4500 4991 
4501 4661 
4502 4522 
4503 4920 
4504 4992 
4505 4897 
4506 4956 
4507 4507 
4508 4975 
4509 4987 
4510 4943 4960 4126 
4511 4744 
4512 4982 4636 4846 
4513 5000 
4514 4416 
4515 4854 
4516 4869 
4517 4946 
4518 4659 
4519 4932 
4520 4980 
4521 4521 
4522 4522 
4523 4972 
4524 4524 
4525 4938 
4526 4953 
4527 4994 
4528 4528 
4529 4965 
4530 4854 
4531 4813 
4532 4783 
4533 4887 
4534 4755 4967 4819 
4535 4949 
4536 4958 
4537 4975 
4538 4930 
4539 4972 
4540 4659 
4541 4906 4969 4850 
4542 4351 
4543 4824 4977 4911 
4544 4989 
4545 4676 
4546 4813 4858 4975 
4547 4906 
4548 4858 
4549 4949 
4550 4600 
4551 4813 
4552 4906 
4553 4847 
4554 4971 
4555 4932 
4556 4906 
4557 4808 
4558 4728 
4559 4735 
4560 4560 
4561 4933 
4562 4833 
4563 4946 
4564 4958 
4565 4854 4647 4954 
4566 4899 
4567 4975 
4568 4863 4416 4824 
4569 4972 
4570 4949 
4571 4965 
4572 4606 
4573 4958 
4574 4953 
4575 4986 
4576 4975 
4577 4833 
4578 4972 
4579 4833 
4580 4977 
4581 4819 
4582 4994 
4583 4858 
4584 4858 
4585 4858 
4586 4930 
4587 4587 
4588 4993 
4589 4995 
4590 4973 
4591 4938 
4592 4647 
4593 4593 
4594 4946 
4595 4865 
4596 4833 
4597 4951 
4598 4786 
4599 4629 
4600 4600 
4601 4946 4819 4877 
4602 4977 
4603 4786 
4604 4975 
4605 4831 
4606 4606 
4607 4989 
4608 4890 
4609 4824 
4610 4184 
4611 4992 
4612 4824 
4613 4755 
4614 4865 
4615 4615 
4616 4911 
4617 4465 
4618 4863 
4619 4990 
4620 4971 
4621 4930 
4622 4955 
4623 4707 
4624 4813 
4625 4979 
4626 4957 
4627 4987 
4628 4858 
4629 4629 
4630 4824 
4631 4906 
4632 4920 
4633 4955 
4634 4982 
4635 4858 
4636 4636 
4637 4985 
4638 4638 
4639 4676 
4640 4831 
4641 4850 
4642 4969 
4643 4965 
4644 4955 
4645 4948 
4646 4865 
4647 4647 
4648 4938 
4649 4761 
4650 4932 
4651 4917 
4652 4890 
4653 4992 
4654 4972 
4655 4676 
4656 4824 4864 4954 
4657 4972 4850 4863 
4658 4831 4967 4332 
4659 4659 
4660 4972 
4661 4661 
4662 4948 
4663 4813 
4664 4911 
4665 4987 
4666 4960 4769 4964 
4667 4955 
4668 4965 
4669 4948 
4670 4948 
4671 4671 
4672 4847 
4673 4899 
4674 4986 
4675 4877 
4676 4676 
4677 4858 
4678 4866 
4679 4960 
4680 4680 
4681 4938 
4682 4990 4813 4864 
4683 4771 4699 
4684 4351 
4685 4971 
4686 4977 
4687 4759 
4688 4986 4979 4966 
4689 4931 
4690 4932 
4691 4946 
4692 4847 
4693 4846 
4694 4981 
4695 4695 
4696 4951 
4697 4930 
4698 4758 
4699 4699 4771 
4700 4989 
4701 4994 
4702 4629 
4703 4920 
4704 4953 
4705 4971 
4706 4744 
4707 4707 
4708 4930 
4709 4904 
4710 4948 
4711 4985 
4712 4921 
4713 4864 
4714 4846 
4715 4659 
4716 4728 
4717 4991 4680 4695 
4718 4995 
4719 4972 
4720 4863 
4721 4982 
4722 4758 
4723 4993 
4724 4912 
4725 4993 
4726 4965 
4727 4727 
4728 4728 
4729 4904 
4730 3987 4956 4955 
4731 4951 
4732 4975 
4733 4967 
4734 4973 
4735 4735 
4736 4847 
4737 4972 
4738 4955 
4739 4957 
4740 4847 
4741 4989 
4742 4957 4999 4831 
4743 4847 
4744 4744 
4745 4906 4981 4955 
4746 4930 
4747 4926 
4748 4951 
4749 4951 
4750 4831 
4751 4847 
4752 4758 
4753 4948 
4754 4899 
4755 4755 
4756 4906 
4757 4981 
4758 4758 
4759 4759 
4760 4993 
4761 4761 
4762 4850 
4763 4958 
4764 4990 
4765 4906 
4766 4931 
4767 4930 
4768 4943 4184 4465 
4769 4769 
4770 4949 
4771 4771 4699 
4772 4969 
4773 4824 
4774 4990 
4775 4912 
4776 4847 
4777 4986 
4778 4416 
4779 4907 
4780 4981 
4781 4877 
4782 4967 
4783 4783 
4784 4890 
4785 4917 
4786 4786 
4787 4930 
4788 4906 
4789 4906 
4790 4953 4981 4661 
4791 4890 
4792 4982 4933 4528 
4793 4813 
4794 4956 
4795 4769 4932 4615 
4796 4985 
4797 4990 
4798 4819 
4799 4847 
4800 4744 
4801 4938 
4802 4850 
4803 4786 
4804 5000 
4805 4981 
4806 4465 
4807 4890 
4808 4808 
4809 4863 
4810 4858 
4811 4969 
4812 4999 
4813 4813 
4814 4965 4184 4864 
4815 4995 
4816 4932 
4817 4973 
4818 4994 
4819 4819 
4820 4957 4986 4994 
4821 4973 
4822 4906 
4823 4999 4824 4912 
4824 4824 
4825 4989 
4826 4786 
4827 4906 
4828 4957 
4829 4971 
4830 4755 
4831 4831 
4832 5000 
4833 4833 
4834 4995 
4835 4991 
4836 4965 
4837 4887 
4838 4982 
4839 4960 
4840 4932 
4841 4981 4761 4859 
4842 4680 4982 4953 
4843 4521 4600 4808 
4844 4980 
4845 4926 
4846 4846 
4847 4847 
4848 4521 4993 4890 
4849 4849 
4850 4850 
4851 4955 
4852 4951 
4853 4859 
4854 4854 
4855 4958 
4856 4786 
4857 4869 
4858 4858 
4859 4859 
4860 4921 
4861 4964 4948 4911 
4862 4863 
4863 4863 
4864 4864 
4865 4865 
4866 4866 
4867 4707 4524 4955 
4868 4957 
4869 4869 
4870 4966 
4871 4919 
4872 4954 
4873 4994 
4874 4859 4866 4899 
4875 4989 
4876 4863 
4877 4877 
4878 4890 
4879 4956 
4880 4954 
4881 4831 4930 4676 
4882 4887 
4883 4926 
4884 4938 
4885 4865 4919 4995 
4886 4890 
4887 4887 
4888 4917 
4889 4953 
4890 4890 
4891 4930 
4892 4890 
4893 4971 
4894 4985 
4895 4975 
4896 4930 
4897 4897 
4898 4969 
4899 4899 
4900 4954 
4901 4906 
4902 4932 
4903 4659 
4904 4904 
4905 4897 
4906 4906 
4907 4907 
4908 4993 
4909 4866 4638 4966 
4910 4971 
4911 4911 
4912 4912 
4913 4977 
4914 4965 
4915 4967 4986 4985 
4916 4859 4899 4960 
4917 4917 
4918 5000 
4919 4919 
4920 4920 
4921 4921 
4922 4864 
4923 4659 
4924 4967 
4925 4971 4995 4917 
4926 4926 
4927 4985 
4928 4957 
4929 4991 4964 4932 
4930 4930 
4931 4931 
4932 4932 
4933 4933 
4934 5000 
4935 4831 4907 4606 
4936 4184 4985 4926 
4937 4977 
4938 4938 
4939 4986 
4940 4994 
4941 4986 
4942 4980 
4943 4943 425 
4944 4955 
4945 4990 
4946 4946 
4947 4982 
4948 4948 
4949 4949 
4950 4975 
4951 4951 
4952 4864 4980 4126 
4953 4953 
4954 4954 
4955 4955 
4956 4956 
4957 4957 
4958 4958 
4959 4995 
4960 4960 
4961 4972 
4962 4982 
4963 4869 4911 4758 
4964 4964 
4965 4965 
4966 4966 
4967 4967 
4968 4957 
4969 4969 4985 
4970 4999 
4971 4971 
4972 4972 
4973 4973 
4974 4986 
4975 4975 
4976 4629 4606 4979 
4977 4977 
4978 4954 
4979 4979 
4980 4980 
4981 4981 
4982 4982 
4983 4938 
4984 4932 
4985 4985 
4986 4986 
4987 4987 
4988 4977 
4989 4989 
4990 4990 
4991 4991 
4992 4992 
4993 4993 
4994 4994 
4995 4995 
4996 4958 
4997 4919 4958 4938 
4998 4982 
4999 4999 
5000 5000 
