1 9 
2 22 
3 9 
4 9 
5 9 
6 9 
7 22 
8 98 
9 9 
10 89 
11 69 
12 9 
13 9 
14 22 
15 89 
16 22 
17 22 
18 112 
19 22 
20 98 
21 22 
22 22 
23 22 
24 55 
25 37 
26 55 
27 55 
28 78 
29 55 
30 55 
31 55 
32 55 
33 37 
34 37 
35 55 
36 55 
37 37 
38 37 69 
39 78 
40 37 
41 37 
42 89 114 
43 37 
44 37 
45 37 
46 69 
47 69 
48 64 
49 37 
50 37 89 
51 37 
52 37 
53 64 
54 55 
55 55 
56 98 
57 78 
58 64 
59 64 
60 64 
61 64 
62 114 
63 64 
64 64 
65 98 
66 64 
67 64 
68 69 
69 69 
70 78 
71 89 
72 78 
73 78 
74 78 89 
75 78 
76 78 
77 114 
78 78 
79 78 
80 78 
81 112 
82 114 
83 114 
84 89 
85 89 
86 89 
87 89 
88 89 
89 89 
90 98 
91 78 
92 78 
93 78 
94 98 
95 98 
96 112 
97 98 
98 98 
99 89 
100 112 
101 89 
102 114 
103 112 
104 114 
105 89 
106 89 
107 98 112 
108 112 
109 114 
110 89 
111 112 
112 112 
113 112 
114 114 
115 114 
